,ts_code,trade_date,open,high,low,close,pre_close,change,pct_chg,vol,amount
0,300093.SZ,20210901,22.45,22.5,21.4,22.18,22.65,-0.47,-2.0751,63442.0,139949.332
1,300093.SZ,20210831,22.69,23.67,22.23,22.65,22.63,0.02,0.0884,74599.78,169904.818
2,300093.SZ,20210830,20.88,23.28,20.8,22.63,21.17,1.46,6.8966,89581.5,200979.548
3,300093.SZ,20210827,20.6,21.6,20.33,21.17,20.79,0.38,1.8278,66307.81,139384.47
4,300093.SZ,20210826,20.3,21.29,20.3,20.79,20.48,0.31,1.5137,54483.0,113285.806
5,300093.SZ,20210825,20.37,20.58,19.83,20.48,20.37,0.11,0.54,43381.85,87895.217
6,300093.SZ,20210824,20.4,21.42,20.11,20.37,20.48,-0.11,-0.5371,76411.68,157770.347
7,300093.SZ,20210823,19.11,20.6,19.06,20.48,18.9,1.58,8.3598,88677.7,179428.794
8,300093.SZ,20210820,17.76,19.0,17.29,18.9,17.76,1.14,6.4189,71275.51,131732.33
9,300093.SZ,20210819,16.88,17.96,16.33,17.76,16.72,1.04,6.2201,57819.01,100304.107
10,300093.SZ,20210818,16.66,17.11,16.53,16.72,16.87,-0.15,-0.8892,27301.11,45608.019
11,300093.SZ,20210817,17.5,17.52,16.85,16.87,17.53,-0.66,-3.765,40765.5,69646.863
12,300093.SZ,20210816,18.27,18.27,17.09,17.53,18.09,-0.56,-3.0956,47900.0,84144.357
13,300093.SZ,20210813,18.4,18.49,18.0,18.09,18.38,-0.29,-1.5778,23720.5,43150.133
14,300093.SZ,20210812,18.97,18.97,18.14,18.38,18.81,-0.43,-2.286,35239.5,64599.774
15,300093.SZ,20210811,19.06,19.06,18.54,18.81,19.03,-0.22,-1.1561,28171.03,52872.051
16,300093.SZ,20210810,19.15,19.58,18.91,19.03,19.37,-0.34,-1.7553,26961.41,51507.028
17,300093.SZ,20210809,19.44,19.97,19.08,19.37,19.63,-0.26,-1.3245,26913.01,52080.963
18,300093.SZ,20210806,20.68,20.68,19.58,19.63,20.3,-0.67,-3.3005,34094.0,67826.168
19,300093.SZ,20210805,20.7,20.77,20.07,20.3,20.65,-0.35,-1.6949,28269.5,57336.979
20,300093.SZ,20210804,20.21,20.96,20.21,20.65,20.54,0.11,0.5355,28914.0,59846.686
21,300093.SZ,20210803,20.1,21.09,20.1,20.54,20.42,0.12,0.5877,34758.01,72261.041
22,300093.SZ,20210802,20.2,20.88,20.08,20.42,20.3,0.12,0.5911,33068.5,67630.711
23,300093.SZ,20210730,20.3,21.21,20.01,20.3,20.18,0.12,0.5946,43899.0,90116.787
24,300093.SZ,20210729,18.99,20.6,18.99,20.18,18.72,1.46,7.7991,56783.45,112702.856
25,300093.SZ,20210728,19.5,19.66,15.97,18.72,19.73,-1.01,-5.1191,42270.02,78924.493
26,300093.SZ,20210727,19.93,20.65,19.3,19.73,20.22,-0.49,-2.4233,36160.19,72110.525
27,300093.SZ,20210726,21.05,21.45,19.5,20.22,21.05,-0.83,-3.943,36075.46,73417.926
28,300093.SZ,20210723,21.53,21.65,20.9,21.05,21.67,-0.62,-2.8611,36280.77,76774.717
29,300093.SZ,20210722,21.19,22.79,20.91,21.67,21.13,0.54,2.5556,52028.38,112843.52
30,300093.SZ,20210721,20.89,21.27,20.74,21.13,20.89,0.24,1.1489,22185.98,46545.65
31,300093.SZ,20210720,20.9,21.3,20.38,20.89,20.85,0.04,0.1918,23460.0,49013.448
32,300093.SZ,20210719,20.94,21.18,20.28,20.85,20.98,-0.13,-0.6196,34944.0,72715.093
33,300093.SZ,20210716,21.5,21.88,20.95,20.98,21.7,-0.72,-3.318,36092.02,76833.479
34,300093.SZ,20210715,21.9,22.06,21.56,21.7,21.85,-0.15,-0.6865,27319.75,59389.377
35,300093.SZ,20210714,22.5,22.5,21.8,21.85,22.11,-0.26,-1.1759,39383.0,86840.857
36,300093.SZ,20210713,21.93,22.89,21.92,22.11,21.93,0.18,0.8208,63077.0,141461.581
37,300093.SZ,20210712,21.51,22.19,21.3,21.93,21.6,0.33,1.5278,40870.87,89292.613
38,300093.SZ,20210709,20.79,22.3,20.52,21.6,20.73,0.87,4.1968,77339.01,167210.047
39,300093.SZ,20210708,20.72,21.31,20.68,20.73,21.22,-0.49,-2.3091,28588.0,59751.686
40,300093.SZ,20210707,21.0,21.77,20.72,21.22,21.16,0.06,0.2836,38850.0,82711.797
41,300093.SZ,20210706,21.2,21.28,20.62,21.16,21.0,0.16,0.7619,29759.23,62244.081
42,300093.SZ,20210705,20.8,21.22,20.03,21.0,20.6,0.4,1.9417,56898.01,117396.151
43,300093.SZ,20210702,19.95,21.47,19.95,20.6,19.95,0.65,3.2581,63629.42,130699.297
44,300093.SZ,20210701,20.41,20.93,19.9,19.95,20.41,-0.46,-2.2538,57486.0,117056.889
45,300093.SZ,20210630,21.23,21.48,20.15,20.41,21.89,-1.48,-6.7611,103004.12,213106.165
46,300093.SZ,20210629,23.8,24.19,19.11,21.89,23.58,-1.69,-7.1671,204058.58,436695.953
47,300093.SZ,20210628,23.17,24.72,22.88,23.58,22.7,0.88,3.8767,131387.25,310215.089
48,300093.SZ,20210625,18.92,22.7,18.85,22.7,18.92,3.78,19.9789,137886.04,292791.492
49,300093.SZ,20210624,19.27,19.44,18.9,18.92,19.32,-0.4,-2.0704,29052.24,55417.651
50,300093.SZ,20210623,19.33,19.55,18.93,19.32,19.3,0.02,0.1036,21964.01,42433.675
51,300093.SZ,20210622,19.45,19.6,19.01,19.3,19.61,-0.31,-1.5808,25022.0,48344.927
52,300093.SZ,20210621,19.51,20.19,19.49,19.61,19.67,-0.06,-0.305,26350.62,52043.774
53,300093.SZ,20210618,19.25,19.78,18.84,19.67,19.18,0.49,2.5547,30950.61,59878.755
54,300093.SZ,20210617,19.17,19.45,19.03,19.18,19.44,-0.26,-1.3374,24996.0,47954.128
55,300093.SZ,20210616,19.91,20.0,19.21,19.44,19.41,0.03,0.1546,28781.0,56080.583
56,300093.SZ,20210615,19.75,19.85,19.21,19.41,19.68,-0.27,-1.372,38015.0,73938.908
57,300093.SZ,20210611,19.9,20.3,19.33,19.68,19.66,0.02,0.1017,57619.0,113993.065
58,300093.SZ,20210610,19.73,20.16,19.4,19.66,19.59,0.07,0.3573,64708.01,127833.136
59,300093.SZ,20210609,19.56,19.8,19.28,19.59,19.6,-0.01,-0.051,38664.0,75354.147
60,300093.SZ,20210608,19.09,19.91,19.04,19.6,19.48,0.12,0.616,58411.0,113850.01
61,300093.SZ,20210607,18.66,20.5,18.66,19.48,18.61,0.87,4.6749,101983.0,200168.911
62,300093.SZ,20210604,16.66,19.99,16.66,18.61,20.27,-1.66,-8.1894,239164.52,448959.014
63,300093.SZ,20210603,25.31,25.63,20.27,20.27,25.34,-5.07,-20.0079,93728.11,223226.316
64,300093.SZ,20210602,25.78,25.78,24.8,25.34,25.57,-0.23,-0.8995,54505.01,137779.527
65,300093.SZ,20210601,24.98,25.86,24.73,25.57,24.98,0.59,2.3619,73036.02,185653.027
66,300093.SZ,20210531,24.6,25.26,24.5,24.98,24.85,0.13,0.5231,60599.0,150932.588
67,300093.SZ,20210528,23.65,25.18,23.65,24.85,23.75,1.1,4.6316,73214.41,180757.392
68,300093.SZ,20210527,23.39,23.8,23.1,23.75,23.39,0.36,1.5391,30785.18,72732.039
69,300093.SZ,20210526,22.95,23.73,22.76,23.39,22.9,0.49,2.1397,37857.03,88274.949
70,300093.SZ,20210525,22.88,23.09,22.2,22.9,23.04,-0.14,-0.6076,50882.14,114889.455
71,300093.SZ,20210524,22.14,23.38,22.1,23.04,22.24,0.8,3.5971,51163.34,116841.293
72,300093.SZ,20210521,22.13,22.52,21.85,22.24,22.12,0.12,0.5425,38056.21,84624.03
73,300093.SZ,20210520,22.79,22.79,21.3,22.12,22.59,-0.47,-2.0806,77123.61,169483.774
74,300093.SZ,20210519,21.5,22.94,21.36,22.59,21.21,1.38,6.5064,70086.12,156601.522
75,300093.SZ,20210518,20.9,21.44,20.85,21.21,20.98,0.23,1.0963,31828.88,67433.226
76,300093.SZ,20210517,20.87,21.18,20.0,20.98,20.85,0.13,0.6235,40270.0,83969.336
77,300093.SZ,20210514,21.21,21.6,20.67,20.85,21.21,-0.36,-1.6973,48608.26,102151.638
78,300093.SZ,20210513,20.63,21.28,20.47,21.21,20.62,0.59,2.8613,58629.03,122711.001
79,300093.SZ,20210512,19.32,20.76,19.16,20.62,19.11,1.51,7.9016,66905.32,134399.838
80,300093.SZ,20210511,19.25,19.35,19.01,19.11,19.1,0.01,0.0524,41233.01,79201.277
81,300093.SZ,20210510,19.17,19.35,18.6,19.1,19.18,-0.08,-0.4171,39354.0,74950.01
82,300093.SZ,20210507,19.36,19.36,18.72,19.18,19.11,0.07,0.3663,41935.0,80212.142
83,300093.SZ,20210506,18.8,19.34,18.5,19.11,18.72,0.39,2.0833,68124.02,129258.771
84,300093.SZ,20210430,18.79,19.14,18.5,18.72,18.72,0.0,0.0,41406.02,78074.164
85,300093.SZ,20210429,18.99,19.72,18.5,18.72,18.91,-0.19,-1.0048,80969.01,155520.454
86,300093.SZ,20210428,18.16,18.93,17.88,18.91,18.29,0.62,3.3898,54490.02,100948.649
87,300093.SZ,20210427,18.06,18.94,17.9,18.29,17.99,0.3,1.6676,65058.02,119854.125
88,300093.SZ,20210426,18.1,18.36,17.77,17.99,18.26,-0.27,-1.4786,40761.0,73447.786
89,300093.SZ,20210423,18.45,18.5,18.01,18.26,18.3,-0.04,-0.2186,46851.0,85359.371
90,300093.SZ,20210422,17.55,18.43,17.53,18.3,17.51,0.79,4.5117,71169.4,128600.07
91,300093.SZ,20210421,18.3,18.64,17.3,17.51,18.28,-0.77,-4.2123,107996.56,193016.57
92,300093.SZ,20210420,18.99,18.99,18.1,18.28,18.02,0.26,1.4428,94319.66,173809.143
93,300093.SZ,20210419,16.02,18.14,16.02,18.02,16.01,2.01,12.5547,106348.79,185138.403
94,300093.SZ,20210416,15.4,16.05,15.0,16.01,15.21,0.8,5.2597,61847.66,96846.021
95,300093.SZ,20210415,15.51,16.08,14.51,15.21,15.44,-0.23,-1.4896,96387.02,148385.417
96,300093.SZ,20210414,14.92,15.6,14.91,15.44,14.91,0.53,3.5547,47186.0,72173.12
97,300093.SZ,20210413,15.35,15.35,14.8,14.91,14.97,-0.06,-0.4008,39326.02,59114.222
98,300093.SZ,20210412,15.3,15.43,14.8,14.97,15.06,-0.09,-0.5976,50024.02,75408.528
99,300093.SZ,20210409,14.84,15.34,14.73,15.06,14.83,0.23,1.5509,65890.0,99323.065
100,300093.SZ,20210408,14.39,14.86,14.27,14.83,14.35,0.48,3.3449,60726.01,88975.437
101,300093.SZ,20210407,14.21,14.44,14.08,14.35,14.14,0.21,1.4851,64908.1,92391.214
102,300093.SZ,20210406,13.45,14.47,13.33,14.14,13.17,0.97,7.3652,104009.0,146086.034
103,300093.SZ,20210402,12.5,13.37,12.2,13.17,12.37,0.8,6.4673,78377.1,101054.102
104,300093.SZ,20210401,11.84,12.44,11.84,12.37,12.26,0.11,0.8972,66154.58,80205.142
105,300093.SZ,20210331,12.03,12.49,11.95,12.26,12.17,0.09,0.7395,56697.01,69260.353
106,300093.SZ,20210330,12.52,12.79,12.05,12.17,12.82,-0.65,-5.0702,87895.74,108118.104
107,300093.SZ,20210329,12.8,13.21,12.79,12.82,12.97,-0.15,-1.1565,60162.0,78321.011
108,300093.SZ,20210326,12.92,13.28,12.85,12.97,12.92,0.05,0.387,55039.18,71887.896
109,300093.SZ,20210325,12.86,13.14,12.78,12.92,12.88,0.04,0.3106,45788.76,59289.076
110,300093.SZ,20210324,12.98,13.06,12.67,12.88,13.0,-0.12,-0.9231,71149.0,91410.153
111,300093.SZ,20210323,12.96,13.38,12.7,13.0,12.83,0.17,1.325,81805.0,106527.908
112,300093.SZ,20210322,11.81,12.86,11.81,12.83,11.66,1.17,10.0343,99830.2,124617.183
113,300093.SZ,20210319,12.3,12.49,11.55,11.66,12.32,-0.66,-5.3571,105870.25,127811.592
114,300093.SZ,20210318,11.82,12.39,11.81,12.32,11.82,0.5,4.2301,91548.57,111341.59
115,300093.SZ,20210317,11.42,11.84,11.3,11.82,11.57,0.25,2.1608,53105.16,61817.358
116,300093.SZ,20210316,11.51,11.71,11.34,11.57,11.45,0.12,1.048,43918.0,50617.553
117,300093.SZ,20210315,11.45,11.74,11.35,11.45,11.41,0.04,0.3506,51266.58,59240.88
118,300093.SZ,20210312,10.83,11.5,10.83,11.41,10.94,0.47,4.2962,61071.9,68091.192
119,300093.SZ,20210311,10.99,11.18,10.75,10.94,10.97,-0.03,-0.2735,55121.09,60044.916
120,300093.SZ,20210310,10.99,11.15,10.81,10.97,10.95,0.02,0.1826,50298.9,55251.481
121,300093.SZ,20210309,10.88,11.44,10.72,10.95,11.12,-0.17,-1.5288,78546.8,86464.646
122,300093.SZ,20210308,11.31,11.76,10.89,11.12,10.89,0.23,2.112,126261.62,143524.418
123,300093.SZ,20210305,10.13,11.05,10.13,10.89,10.08,0.81,8.0357,114231.83,122176.828
124,300093.SZ,20210304,10.0,10.32,10.0,10.08,10.12,-0.04,-0.3953,54647.0,55478.825
125,300093.SZ,20210303,9.88,10.2,9.7,10.12,9.78,0.34,3.4765,84282.0,84459.703
126,300093.SZ,20210302,9.59,9.86,9.56,9.78,9.62,0.16,1.6632,52070.77,50578.032
127,300093.SZ,20210301,9.5,9.87,9.35,9.62,9.55,0.07,0.733,57840.83,55306.848
128,300093.SZ,20210226,9.5,10.15,9.21,9.55,9.7,-0.15,-1.5464,79882.01,77865.175
129,300093.SZ,20210225,9.62,10.0,9.36,9.7,9.23,0.47,5.0921,114520.18,110710.051
130,300093.SZ,20210224,9.27,9.39,9.0,9.23,9.24,-0.01,-0.1082,59631.81,54816.257
131,300093.SZ,20210223,10.6,10.6,9.01,9.24,9.01,0.23,2.5527,124082.8,118483.282
132,300093.SZ,20210222,8.77,9.44,8.6,9.01,8.83,0.18,2.0385,89808.52,82108.564
133,300093.SZ,20210219,7.6,8.85,7.6,8.83,7.7,1.13,14.6753,74478.01,62323.111
134,300093.SZ,20210218,7.11,7.78,7.11,7.7,7.11,0.59,8.2982,41090.01,30961.059
135,300093.SZ,20210210,7.03,7.3,7.02,7.11,7.05,0.06,0.8511,14135.0,10062.884
136,300093.SZ,20210209,7.0,7.19,6.96,7.05,6.99,0.06,0.8584,14087.0,9957.779
137,300093.SZ,20210208,7.17,7.21,6.97,6.99,7.15,-0.16,-2.2378,18838.0,13295.461
138,300093.SZ,20210205,7.22,7.58,7.09,7.15,7.22,-0.07,-0.9695,21130.0,15427.338
139,300093.SZ,20210204,7.43,7.46,7.11,7.22,7.45,-0.23,-3.0872,18921.02,13708.437
140,300093.SZ,20210203,7.88,7.88,7.45,7.45,7.75,-0.3,-3.871,17545.54,13272.687
141,300093.SZ,20210202,7.8,7.87,7.7,7.75,7.85,-0.1,-1.2739,19480.0,15123.697
142,300093.SZ,20210201,7.57,7.94,7.57,7.85,7.56,0.29,3.836,28521.0,22271.953
143,300093.SZ,20210129,7.51,7.8,7.32,7.56,7.51,0.05,0.6658,34340.2,25752.75
144,300093.SZ,20210128,7.57,7.69,7.48,7.51,7.57,-0.06,-0.7926,16880.01,12787.184
145,300093.SZ,20210127,7.59,7.71,7.37,7.57,7.6,-0.03,-0.3947,19025.0,14337.216
146,300093.SZ,20210126,7.66,7.78,7.47,7.6,7.74,-0.14,-1.8088,24257.0,18519.33
147,300093.SZ,20210125,8.01,8.07,7.7,7.74,8.0,-0.26,-3.25,24382.91,18953.808
148,300093.SZ,20210122,8.31,8.41,8.0,8.0,8.35,-0.35,-4.1916,28245.2,22895.071
149,300093.SZ,20210121,8.25,8.4,8.17,8.35,8.22,0.13,1.5815,17401.2,14462.995
150,300093.SZ,20210120,8.4,8.43,8.22,8.22,8.41,-0.19,-2.2592,29004.54,24065.73
151,300093.SZ,20210119,7.98,8.58,7.97,8.41,8.09,0.32,3.9555,54387.2,45278.933
152,300093.SZ,20210118,7.94,8.13,7.76,8.09,7.86,0.23,2.9262,32320.0,25957.369
153,300093.SZ,20210115,7.72,7.96,7.65,7.86,7.77,0.09,1.1583,22620.46,17692.966
154,300093.SZ,20210114,7.8,7.88,7.63,7.77,7.8,-0.03,-0.3846,21507.89,16647.766
155,300093.SZ,20210113,8.2,8.2,7.72,7.8,8.2,-0.4,-4.878,48845.63,38479.435
156,300093.SZ,20210112,8.41,8.55,8.1,8.2,8.36,-0.16,-1.9139,25305.0,21104.882
157,300093.SZ,20210111,8.52,8.83,8.26,8.36,8.61,-0.25,-2.9036,33952.0,28651.277
158,300093.SZ,20210108,8.5,8.63,8.04,8.61,8.51,0.1,1.1751,45238.71,38058.143
159,300093.SZ,20210107,9.09,9.21,8.46,8.51,9.16,-0.65,-7.0961,59842.52,52345.512
160,300093.SZ,20210106,9.02,9.32,9.01,9.16,9.01,0.15,1.6648,36937.86,33830.116
161,300093.SZ,20210105,9.05,9.12,8.88,9.01,9.14,-0.13,-1.4223,47896.33,42970.538
162,300093.SZ,20210104,9.09,9.28,9.0,9.14,9.21,-0.07,-0.76,44100.01,40437.912
163,300093.SZ,20201231,9.09,9.68,9.07,9.21,9.06,0.15,1.6556,44384.0,41089.432
164,300093.SZ,20201230,9.1,9.29,9.04,9.06,9.2,-0.14,-1.5217,34202.0,31278.976
165,300093.SZ,20201229,9.41,9.43,9.03,9.2,9.42,-0.22,-2.3355,43397.54,39869.503
166,300093.SZ,20201228,9.93,9.93,9.38,9.42,9.92,-0.5,-5.0403,60185.31,58115.489
167,300093.SZ,20201225,10.07,10.09,9.9,9.92,10.02,-0.1,-0.998,36250.64,36201.207
168,300093.SZ,20201224,10.05,10.22,9.99,10.02,10.06,-0.04,-0.3976,46424.53,46785.067
169,300093.SZ,20201223,9.85,10.19,9.85,10.06,9.94,0.12,1.2072,41276.0,41646.956
170,300093.SZ,20201222,10.0,10.22,9.94,9.94,10.11,-0.17,-1.6815,46733.0,46863.638
171,300093.SZ,20201221,10.13,10.29,9.93,10.11,10.13,-0.02,-0.1974,47565.3,48155.83
172,300093.SZ,20201218,10.26,10.48,10.02,10.13,10.1,0.03,0.297,55637.44,56633.447
173,300093.SZ,20201217,10.0,10.33,9.95,10.1,10.2,-0.1,-0.9804,54409.08,55157.093
174,300093.SZ,20201216,10.31,10.43,10.12,10.2,10.13,0.07,0.691,58235.93,59863.138
175,300093.SZ,20201215,10.3,10.64,9.58,10.13,10.39,-0.26,-2.5024,144280.53,145549.572
176,300093.SZ,20201214,10.5,11.1,8.72,10.39,10.86,-0.47,-4.3278,168507.13,172799.6
177,300093.SZ,20201211,11.58,11.6,10.86,10.86,11.54,-0.68,-5.8925,158452.21,176051.692
178,300093.SZ,20201210,11.18,12.46,11.17,11.54,11.24,0.3,2.669,219012.58,254368.681
179,300093.SZ,20201209,10.93,11.78,10.83,11.24,10.91,0.33,3.0247,141939.51,160406.142
180,300093.SZ,20201208,10.88,10.97,10.74,10.91,10.88,0.03,0.2757,39452.84,42953.812
181,300093.SZ,20201207,10.87,11.26,10.85,10.88,10.87,0.01,0.092,44032.0,48393.768
182,300093.SZ,20201204,10.76,10.92,10.7,10.87,10.75,0.12,1.1163,36207.0,39130.568
183,300093.SZ,20201203,10.67,10.83,10.58,10.75,10.72,0.03,0.2799,36572.0,39221.451
184,300093.SZ,20201202,10.7,10.83,10.65,10.72,10.74,-0.02,-0.1862,30119.18,32262.788
185,300093.SZ,20201201,10.53,10.88,10.53,10.74,10.61,0.13,1.2253,35746.13,38398.232
186,300093.SZ,20201130,10.67,10.8,10.59,10.61,10.64,-0.03,-0.282,27855.0,29815.502
187,300093.SZ,20201127,10.63,10.67,10.52,10.64,10.63,0.01,0.0941,28314.01,29993.861
188,300093.SZ,20201126,10.6,10.71,10.51,10.63,10.61,0.02,0.1885,30602.0,32523.033
189,300093.SZ,20201125,10.8,10.88,10.6,10.61,10.84,-0.23,-2.1218,58852.89,62990.937
190,300093.SZ,20201124,10.8,10.99,10.71,10.84,10.85,-0.01,-0.0922,44889.35,48749.442
191,300093.SZ,20201123,11.03,11.03,10.83,10.85,11.03,-0.18,-1.6319,64447.84,70303.864
192,300093.SZ,20201120,10.87,11.07,10.61,11.03,10.93,0.1,0.9149,100746.11,109406.035
193,300093.SZ,20201119,11.18,11.25,10.85,10.93,11.4,-0.47,-4.1228,113594.03,124751.629
194,300093.SZ,20201118,11.18,11.78,11.03,11.4,11.16,0.24,2.1505,139927.01,160042.934
195,300093.SZ,20201117,10.95,11.33,10.91,11.16,10.99,0.17,1.5469,85016.04,94633.294
196,300093.SZ,20201116,11.07,11.1,10.91,10.99,11.06,-0.07,-0.6329,62098.01,68312.459
197,300093.SZ,20201113,10.9,11.11,10.76,11.06,11.06,0.0,0.0,86684.01,94743.014
198,300093.SZ,20201112,10.9,11.19,10.78,11.06,11.03,0.03,0.272,121861.72,133197.599
199,300093.SZ,20201111,11.31,11.55,11.01,11.03,11.31,-0.28,-2.4757,150469.72,169010.999
200,300093.SZ,20201110,11.79,11.79,11.3,11.31,11.99,-0.68,-5.6714,251611.0,288784.513
201,300093.SZ,20201109,11.89,12.27,11.6,11.99,12.16,-0.17,-1.398,310178.73,370699.721
202,300093.SZ,20201106,12.45,12.97,11.78,12.16,13.01,-0.85,-6.5334,417507.68,512883.179
203,300093.SZ,20201105,13.05,14.58,12.6,13.01,12.62,0.39,3.0903,640732.5,853593.074
204,300093.SZ,20201104,11.02,12.62,11.02,12.62,10.52,2.1,19.962,220361.39,277081.607
205,300093.SZ,20201103,10.76,10.78,10.5,10.52,10.76,-0.24,-2.2305,21934.0,23324.269
206,300093.SZ,20201102,10.57,10.87,10.53,10.76,10.7,0.06,0.5607,22169.01,23687.866
207,300093.SZ,20201030,10.5,10.98,10.47,10.7,10.62,0.08,0.7533,35565.02,38148.711
208,300093.SZ,20201029,10.38,10.71,10.06,10.62,10.48,0.14,1.3359,24782.0,25888.663
209,300093.SZ,20201028,10.72,10.73,10.43,10.48,10.72,-0.24,-2.2388,29481.0,31099.665
210,300093.SZ,20201027,10.83,10.93,10.57,10.72,10.83,-0.11,-1.0157,20156.01,21769.708
211,300093.SZ,20201026,10.98,11.03,10.82,10.83,10.98,-0.15,-1.3661,21484.63,23400.986
212,300093.SZ,20201023,10.82,11.14,10.82,10.98,10.93,0.05,0.4575,33103.0,36280.959
213,300093.SZ,20201022,11.19,11.25,10.75,10.93,11.32,-0.39,-3.4452,60449.0,65995.217
214,300093.SZ,20201021,11.64,11.64,11.27,11.32,11.61,-0.29,-2.4978,33581.0,38376.871
215,300093.SZ,20201020,11.55,11.65,11.42,11.61,11.58,0.03,0.2591,31104.0,35859.472
216,300093.SZ,20201019,11.85,11.88,11.5,11.58,11.86,-0.28,-2.3609,37246.8,43296.636
217,300093.SZ,20201016,11.65,12.07,11.61,11.86,11.85,0.01,0.0844,72788.93,86745.273
218,300093.SZ,20201015,11.51,11.85,11.33,11.85,11.8,0.05,0.4237,76807.8,88944.829
219,300093.SZ,20201014,11.25,12.2,11.07,11.8,11.21,0.59,5.2632,117998.81,138617.033
220,300093.SZ,20201013,11.2,11.28,11.11,11.21,11.34,-0.13,-1.1464,25065.62,28024.601
221,300093.SZ,20201012,11.17,11.36,10.9,11.34,11.07,0.27,2.439,43347.21,48252.327
222,300093.SZ,20201009,11.42,11.45,10.97,11.07,10.72,0.35,3.2649,43568.0,48978.413
223,300093.SZ,20200930,10.9,10.97,10.72,10.72,10.9,-0.18,-1.6514,14949.1,16182.111
224,300093.SZ,20200929,11.0,11.17,10.9,10.9,11.0,-0.1,-0.9091,13318.0,14677.742
225,300093.SZ,20200928,11.37,11.37,11.0,11.0,11.32,-0.32,-2.8269,18939.43,21087.381
226,300093.SZ,20200925,11.32,11.4,11.17,11.32,11.3,0.02,0.177,17522.11,19724.8
227,300093.SZ,20200924,11.44,11.51,11.28,11.3,11.56,-0.26,-2.2491,21911.51,24833.911
228,300093.SZ,20200923,11.6,11.7,11.41,11.56,11.56,0.0,0.0,20259.0,23320.482
229,300093.SZ,20200922,11.79,11.79,11.52,11.56,11.87,-0.31,-2.6116,26206.0,30552.925
230,300093.SZ,20200921,11.96,11.99,11.79,11.87,11.98,-0.11,-0.9182,20899.0,24771.579
231,300093.SZ,20200918,11.75,12.03,11.66,11.98,11.79,0.19,1.6115,31217.0,36899.753
232,300093.SZ,20200917,11.88,11.92,11.66,11.79,11.87,-0.08,-0.674,17818.0,20908.91
233,300093.SZ,20200916,11.84,11.87,11.63,11.87,11.88,-0.01,-0.0842,26952.52,31609.562
234,300093.SZ,20200915,11.91,12.07,11.87,11.88,12.0,-0.12,-1.0,32965.0,39326.036
235,300093.SZ,20200914,12.0,12.09,11.83,12.0,11.88,0.12,1.0101,30892.83,37050.776
236,300093.SZ,20200911,11.62,11.96,11.5,11.88,11.63,0.25,2.1496,37680.83,44429.831
237,300093.SZ,20200910,12.2,12.3,11.6,11.63,12.38,-0.75,-6.0582,80315.03,95665.412
238,300093.SZ,20200909,12.1,12.73,12.03,12.38,12.19,0.19,1.5587,108173.81,133759.394
239,300093.SZ,20200908,12.0,12.23,11.9,12.19,12.1,0.09,0.7438,54017.11,65209.038
240,300093.SZ,20200907,12.05,12.34,11.89,12.1,12.04,0.06,0.4983,70184.9,85372.8
241,300093.SZ,20200904,11.84,12.05,11.56,12.04,12.14,-0.1,-0.8237,57997.66,69000.834
242,300093.SZ,20200903,12.2,12.47,11.99,12.14,12.14,0.0,0.0,90824.52,111466.628
243,300093.SZ,20200902,11.88,12.22,11.68,12.14,11.77,0.37,3.1436,75518.1,90224.204
244,300093.SZ,20200901,11.6,12.0,11.5,11.77,11.7,0.07,0.5983,57759.01,67742.598
245,300093.SZ,20200831,12.1,12.29,11.7,11.7,12.09,-0.39,-3.2258,81894.98,97814.884
246,300093.SZ,20200828,11.75,12.53,11.56,12.09,11.65,0.44,3.7768,89886.26,107077.962
247,300093.SZ,20200827,11.5,11.78,11.3,11.65,11.27,0.38,3.3718,50040.83,57764.1
248,300093.SZ,20200826,11.91,11.92,11.21,11.27,11.88,-0.61,-5.1347,85403.0,98577.536
249,300093.SZ,20200825,12.4,12.42,11.76,11.88,12.21,-0.33,-2.7027,66463.8,79732.122
250,300093.SZ,20200824,12.87,12.97,12.05,12.21,12.87,-0.66,-5.1282,82991.81,101730.467
251,300093.SZ,20200821,12.82,13.09,12.75,12.87,12.82,0.05,0.39,17605.01,22702.719
252,300093.SZ,20200820,12.78,13.04,12.68,12.82,12.9,-0.08,-0.6202,33477.0,42881.536
253,300093.SZ,20200819,13.2,13.27,12.85,12.9,13.31,-0.41,-3.0804,35132.0,45760.984
254,300093.SZ,20200818,13.13,13.7,12.93,13.31,13.22,0.09,0.6808,59825.35,80160.21
255,300093.SZ,20200817,13.47,13.59,13.2,13.22,13.39,-0.17,-1.2696,49120.26,65615.161
256,300093.SZ,20200814,13.35,13.54,13.2,13.39,13.42,-0.03,-0.2235,38884.35,51923.122
257,300093.SZ,20200813,14.0,14.12,13.0,13.42,14.17,-0.75,-5.2929,96027.97,130925.552
258,300093.SZ,20200812,13.82,14.39,13.7,14.17,13.9,0.27,1.9424,105258.43,147658.282
259,300093.SZ,20200811,13.25,14.6,13.05,13.9,13.29,0.61,4.5899,166399.79,232259.401
260,300093.SZ,20200810,13.6,14.3,13.08,13.29,13.3,-0.01,-0.0752,98941.31,133168.458
261,300093.SZ,20200807,13.15,13.4,12.7,13.3,13.15,0.15,1.1407,88220.0,115675.71
262,300093.SZ,20200806,12.95,13.49,12.75,13.15,13.12,0.03,0.2287,122452.01,160868.253
263,300093.SZ,20200805,11.84,13.12,11.76,13.12,11.93,1.19,9.9749,155891.01,197069.772
264,300093.SZ,20200804,12.26,12.27,11.88,11.93,12.1,-0.17,-1.405,32037.8,38361.544
265,300093.SZ,20200803,12.29,12.29,11.99,12.1,12.15,-0.05,-0.4115,32883.41,39762.093
266,300093.SZ,20200731,12.14,12.2,11.86,12.15,12.09,0.06,0.4963,21565.32,25939.399
267,300093.SZ,20200730,12.3,12.31,11.93,12.09,12.25,-0.16,-1.3061,26648.38,32183.478
268,300093.SZ,20200729,12.3,12.35,12.1,12.25,12.22,0.03,0.2455,35426.0,43326.351
269,300093.SZ,20200728,11.87,12.44,11.8,12.22,11.86,0.36,3.0354,59704.31,72755.258
270,300093.SZ,20200727,11.7,12.06,11.65,11.86,11.73,0.13,1.1083,28247.52,33598.007
271,300093.SZ,20200724,12.0,12.25,11.44,11.73,12.15,-0.42,-3.4568,46255.01,54638.164
272,300093.SZ,20200723,12.15,12.32,11.94,12.15,12.31,-0.16,-1.2998,44993.0,54410.127
273,300093.SZ,20200722,12.89,12.92,12.17,12.31,12.59,-0.28,-2.224,47522.02,59029.486
274,300093.SZ,20200721,12.48,12.98,12.48,12.59,12.63,-0.04,-0.3167,41735.4,53153.908
275,300093.SZ,20200720,12.27,12.63,11.86,12.63,12.26,0.37,3.0179,32664.0,40772.38
276,300093.SZ,20200717,11.75,12.37,11.58,12.26,11.94,0.32,2.6801,65397.0,78147.634
277,300093.SZ,20200716,13.2,13.23,11.94,11.94,13.27,-1.33,-10.0226,105458.01,130950.592
278,300093.SZ,20200715,13.21,13.5,12.93,13.27,13.2,0.07,0.5303,75351.97,99898.22
279,300093.SZ,20200714,12.98,13.61,12.95,13.2,13.0,0.2,1.5385,89621.5,118221.788
280,300093.SZ,20200713,12.2,13.42,12.1,13.0,12.2,0.8,6.5574,110614.3,141690.15
281,300093.SZ,20200710,12.0,12.5,11.89,12.2,12.1,0.1,0.8264,67451.62,82466.088
282,300093.SZ,20200709,11.89,12.2,11.7,12.1,11.89,0.21,1.7662,63328.55,75670.437
283,300093.SZ,20200708,11.62,11.95,11.39,11.89,11.62,0.27,2.3236,55540.01,64587.625
284,300093.SZ,20200707,11.65,11.68,11.45,11.62,11.47,0.15,1.3078,66134.31,76697.84
285,300093.SZ,20200706,11.05,11.53,11.05,11.47,11.05,0.42,3.8009,74072.35,84390.517
286,300093.SZ,20200703,11.0,11.06,10.92,11.05,11.02,0.03,0.2722,24119.9,26509.273
287,300093.SZ,20200702,10.9,11.13,10.9,11.02,10.92,0.1,0.9158,29561.0,32577.025
288,300093.SZ,20200701,10.9,11.0,10.88,10.92,10.91,0.01,0.0917,15389.0,16808.258
289,300093.SZ,20200630,10.9,11.05,10.9,10.91,10.91,0.0,0.0,15019.45,16440.354
290,300093.SZ,20200629,11.14,11.14,10.9,10.91,11.1,-0.19,-1.7117,20586.5,22549.333
291,300093.SZ,20200624,10.88,11.28,10.88,11.1,10.88,0.22,2.0221,23521.1,26095.78
292,300093.SZ,20200623,10.99,11.06,10.86,10.88,11.0,-0.12,-1.0909,28608.0,31230.807
293,300093.SZ,20200622,11.13,11.15,10.99,11.0,11.13,-0.13,-1.168,27609.37,30432.815
294,300093.SZ,20200619,11.06,11.2,11.06,11.13,11.1,0.03,0.2703,17721.13,19693.618
295,300093.SZ,20200618,11.1,11.2,11.02,11.1,11.1,0.0,0.0,17174.0,19091.956
296,300093.SZ,20200617,11.2,11.2,11.0,11.1,11.09,0.01,0.0902,23837.0,26405.186
297,300093.SZ,20200616,11.32,11.32,10.99,11.09,11.2,-0.11,-0.9821,33980.01,37797.865
298,300093.SZ,20200615,11.7,11.79,11.16,11.2,11.64,-0.44,-3.7801,52296.0,59584.408
299,300093.SZ,20200612,11.27,11.66,11.17,11.64,11.36,0.28,2.4648,74681.23,85783.5
300,300093.SZ,20200611,10.84,11.6,10.84,11.36,10.84,0.52,4.797,72112.89,81293.508
301,300093.SZ,20200610,10.75,11.08,10.75,10.84,10.86,-0.02,-0.1842,39236.2,42747.178
302,300093.SZ,20200609,10.8,10.91,10.7,10.86,10.83,0.03,0.277,13441.1,14531.036
303,300093.SZ,20200608,11.0,11.06,10.7,10.83,10.96,-0.13,-1.1861,38004.16,41301.017
304,300093.SZ,20200605,10.97,11.16,10.83,10.96,10.93,0.03,0.2745,26666.06,29343.567
305,300093.SZ,20200604,11.32,11.32,10.89,10.93,11.19,-0.26,-2.3235,26550.0,29257.235
306,300093.SZ,20200603,10.9,11.38,10.8,11.19,10.85,0.34,3.1336,51922.05,57862.786
307,300093.SZ,20200602,10.83,11.03,10.74,10.85,10.83,0.02,0.1847,36880.61,40054.851
308,300093.SZ,20200601,11.07,11.07,10.72,10.83,10.91,-0.08,-0.7333,54141.0,58632.872
309,300093.SZ,20200529,10.9,11.09,10.78,10.91,10.92,-0.01,-0.0916,28334.0,31047.403
310,300093.SZ,20200528,11.25,11.35,10.91,10.92,11.18,-0.26,-2.3256,39054.0,43172.565
311,300093.SZ,20200527,11.5,11.99,11.05,11.18,11.36,-0.18,-1.5845,73752.6,85801.727
312,300093.SZ,20200526,10.78,11.5,10.56,11.36,10.68,0.68,6.367,46587.7,51530.195
313,300093.SZ,20200525,11.0,11.0,10.53,10.68,11.0,-0.32,-2.9091,21286.0,22917.463
314,300093.SZ,20200522,11.27,11.3,10.9,11.0,11.15,-0.15,-1.3453,22748.2,25124.102
315,300093.SZ,20200521,11.3,11.44,11.11,11.15,11.35,-0.2,-1.7621,21826.01,24415.195
316,300093.SZ,20200520,11.46,11.73,11.0,11.35,11.45,-0.1,-0.8734,27144.01,30990.538
317,300093.SZ,20200519,11.76,11.86,11.4,11.45,11.74,-0.29,-2.4702,32335.2,37469.36
318,300093.SZ,20200518,11.81,12.0,11.68,11.74,11.84,-0.1,-0.8446,31071.0,36663.022
319,300093.SZ,20200515,11.76,11.98,11.5,11.84,11.68,0.16,1.3699,32218.0,37903.098
320,300093.SZ,20200514,12.12,12.12,11.67,11.68,12.08,-0.4,-3.3113,29604.0,35003.021
321,300093.SZ,20200513,12.33,12.33,11.95,12.08,12.04,0.04,0.3322,23778.0,28828.468
322,300093.SZ,20200512,12.33,12.33,11.93,12.04,12.13,-0.09,-0.742,24198.2,29093.992
323,300093.SZ,20200511,12.57,12.78,12.09,12.13,12.57,-0.44,-3.5004,52624.05,64828.711
324,300093.SZ,20200508,12.48,12.7,12.36,12.57,12.46,0.11,0.8828,52583.62,66198.113
325,300093.SZ,20200507,12.12,12.89,12.1,12.46,12.28,0.18,1.4658,86859.01,108274.259
326,300093.SZ,20200506,12.3,12.3,11.9,12.28,12.3,-0.02,-0.1626,46802.15,56658.62
327,300093.SZ,20200430,12.29,12.67,12.12,12.3,12.4,-0.1,-0.8065,53366.6,66037.244
328,300093.SZ,20200429,12.68,12.88,12.15,12.4,12.61,-0.21,-1.6653,66485.0,82205.415
329,300093.SZ,20200428,13.05,13.62,12.1,12.61,12.97,-0.36,-2.7756,92188.0,119249.07
330,300093.SZ,20200427,11.99,13.0,11.98,12.97,11.99,0.98,8.1735,90979.0,114806.698
331,300093.SZ,20200424,12.07,12.2,11.94,11.99,12.1,-0.11,-0.9091,37775.0,45566.489
332,300093.SZ,20200423,12.45,12.66,11.99,12.1,12.45,-0.35,-2.8112,56845.69,69379.183
333,300093.SZ,20200422,12.77,12.84,12.36,12.45,12.77,-0.32,-2.5059,53092.0,66702.025
334,300093.SZ,20200421,12.94,12.94,12.6,12.77,12.66,0.11,0.8689,62562.6,79904.165
335,300093.SZ,20200420,12.22,12.81,12.21,12.66,12.21,0.45,3.6855,82342.6,103756.281
336,300093.SZ,20200417,12.38,12.51,12.18,12.21,12.26,-0.05,-0.4078,51238.3,62958.821
337,300093.SZ,20200416,11.75,12.57,11.6,12.26,11.9,0.36,3.0252,96042.5,117308.314
338,300093.SZ,20200415,12.0,12.3,11.86,11.9,12.1,-0.2,-1.6529,44914.5,54045.628
339,300093.SZ,20200414,12.24,12.66,11.9,12.1,12.21,-0.11,-0.9009,52817.0,64049.598
340,300093.SZ,20200413,12.71,12.73,12.09,12.21,12.45,-0.24,-1.9277,57024.02,70270.458
341,300093.SZ,20200410,12.86,13.0,12.38,12.45,12.7,-0.25,-1.9685,94337.38,120190.432
342,300093.SZ,20200409,12.12,12.77,12.05,12.7,11.89,0.81,6.8124,130984.6,163874.112
343,300093.SZ,20200408,11.48,11.95,11.48,11.89,11.55,0.34,2.9437,107477.6,127348.196
344,300093.SZ,20200407,11.2,11.58,11.2,11.55,11.1,0.45,4.0541,63998.44,73405.816
345,300093.SZ,20200403,10.51,11.19,10.5,11.1,10.51,0.59,5.6137,63128.0,69067.54
346,300093.SZ,20200402,10.06,10.55,10.0,10.51,10.22,0.29,2.8376,33111.6,34205.945
347,300093.SZ,20200401,10.12,10.36,9.91,10.22,10.01,0.21,2.0979,36420.97,37049.63
348,300093.SZ,20200331,10.46,10.59,10.0,10.01,10.34,-0.33,-3.1915,43751.35,44731.82
349,300093.SZ,20200330,10.8,10.92,10.28,10.34,10.92,-0.58,-5.3114,42661.0,44767.163
350,300093.SZ,20200327,10.95,11.06,10.7,10.92,10.89,0.03,0.2755,67218.71,73292.524
351,300093.SZ,20200326,11.05,11.35,10.86,10.89,11.23,-0.34,-3.0276,35939.29,39575.821
352,300093.SZ,20200325,11.15,11.36,10.85,11.23,11.07,0.16,1.4453,79305.3,88138.638
353,300093.SZ,20200324,10.89,12.0,10.72,11.07,11.74,-0.67,-5.707,130951.86,147750.75
354,300093.SZ,20200323,11.54,12.0,11.48,11.74,11.55,0.19,1.645,129289.6,152224.022
355,300093.SZ,20200320,11.3,11.55,11.05,11.55,11.05,0.5,4.5249,76918.06,87591.249
356,300093.SZ,20200319,10.95,11.08,10.61,11.05,10.9,0.15,1.3761,51004.03,55403.528
357,300093.SZ,20200318,11.08,11.15,10.8,10.9,10.96,-0.06,-0.5474,38874.62,42610.577
358,300093.SZ,20200317,11.16,11.3,10.3,10.96,11.21,-0.25,-2.2302,61298.06,66171.532
359,300093.SZ,20200316,11.0,11.77,10.98,11.21,10.9,0.31,2.844,99929.05,114181.521
360,300093.SZ,20200313,10.5,10.96,10.5,10.9,11.05,-0.15,-1.3575,51710.06,55441.619
361,300093.SZ,20200312,11.39,11.39,10.88,11.05,11.41,-0.36,-3.1551,44111.71,48805.197
362,300093.SZ,20200311,11.78,11.8,11.13,11.41,11.64,-0.23,-1.9759,49515.54,56601.429
363,300093.SZ,20200310,11.33,11.72,10.9,11.64,11.6,0.04,0.3448,48927.0,56003.523
364,300093.SZ,20200309,11.88,12.0,11.34,11.6,11.84,-0.24,-2.027,63590.54,74603.353
365,300093.SZ,20200306,11.53,12.05,11.53,11.84,11.87,-0.03,-0.2527,55660.43,66280.431
366,300093.SZ,20200305,11.6,12.05,11.51,11.87,11.44,0.43,3.7587,84436.36,100083.961
367,300093.SZ,20200304,10.94,11.5,10.9,11.44,11.08,0.36,3.2491,46099.05,51942.123
368,300093.SZ,20200303,11.04,11.4,10.91,11.08,10.9,0.18,1.6514,41541.76,46263.476
369,300093.SZ,20200302,10.71,11.05,10.62,10.9,10.59,0.31,2.9273,38221.1,41552.888
370,300093.SZ,20200228,11.12,11.32,10.5,10.59,11.5,-0.91,-7.913,73574.58,80691.738
371,300093.SZ,20200227,11.68,11.9,11.45,11.5,11.68,-0.18,-1.5411,65789.86,76512.417
372,300093.SZ,20200226,11.03,12.12,10.82,11.68,11.08,0.6,5.4152,96630.9,111568.726
373,300093.SZ,20200225,10.69,11.1,10.4,11.08,10.9,0.18,1.6514,72824.15,79234.699
374,300093.SZ,20200224,10.44,10.91,10.44,10.9,10.62,0.28,2.6365,61398.06,65785.493
375,300093.SZ,20200221,10.2,10.75,10.0,10.62,10.15,0.47,4.6305,87530.0,91807.322
376,300093.SZ,20200220,10.15,10.2,10.03,10.15,10.16,-0.01,-0.0984,35270.54,35711.952
377,300093.SZ,20200219,10.3,10.3,10.01,10.16,10.27,-0.11,-1.0711,39950.01,40600.352
378,300093.SZ,20200218,10.1,10.33,9.99,10.27,10.06,0.21,2.0875,57505.01,58634.633
379,300093.SZ,20200217,9.73,10.06,9.73,10.06,9.73,0.33,3.3916,41078.06,40876.08
380,300093.SZ,20200214,9.86,9.91,9.62,9.73,9.86,-0.13,-1.3185,35404.0,34482.715
381,300093.SZ,20200213,10.01,10.13,9.84,9.86,10.09,-0.23,-2.2795,43553.0,43325.792
382,300093.SZ,20200212,10.14,10.3,9.9,10.09,10.04,0.05,0.498,52632.05,53018.45
383,300093.SZ,20200211,10.0,10.33,9.86,10.04,9.99,0.05,0.5005,40096.02,40552.039
384,300093.SZ,20200210,9.82,10.24,9.65,9.99,9.81,0.18,1.8349,35600.29,35601.349
385,300093.SZ,20200207,10.06,10.06,9.8,9.81,10.0,-0.19,-1.9,28820.2,28491.249
386,300093.SZ,20200206,9.6,10.25,9.45,10.0,9.62,0.38,3.9501,69180.62,68560.891
387,300093.SZ,20200205,9.4,9.8,9.3,9.62,9.55,0.07,0.733,83710.12,80421.972
388,300093.SZ,20200204,8.83,9.69,8.83,9.55,9.81,-0.26,-2.6504,154940.42,142633.01
389,300093.SZ,20200203,9.81,9.81,9.81,9.81,10.9,-1.09,-10.0,9509.0,9328.329
390,300093.SZ,20200123,11.1,11.33,10.8,10.9,11.07,-0.17,-1.5357,66848.01,73651.845
391,300093.SZ,20200122,11.21,11.5,11.05,11.07,11.39,-0.32,-2.8095,91358.7,101880.684
392,300093.SZ,20200121,11.58,11.85,11.39,11.39,11.8,-0.41,-3.4746,50551.62,58369.385
393,300093.SZ,20200120,12.02,12.02,11.79,11.8,12.02,-0.22,-1.8303,55914.28,66396.658
394,300093.SZ,20200117,11.95,12.4,11.95,12.02,12.0,0.02,0.1667,75185.77,91343.051
395,300093.SZ,20200116,11.85,12.48,11.7,12.0,11.77,0.23,1.9541,66848.56,80597.964
396,300093.SZ,20200115,11.87,11.95,11.75,11.77,11.92,-0.15,-1.2584,31911.0,37724.268
397,300093.SZ,20200114,11.97,12.1,11.83,11.92,11.97,-0.05,-0.4177,32500.0,38688.413
398,300093.SZ,20200113,11.79,11.97,11.65,11.97,11.65,0.32,2.7468,58883.17,69769.431
399,300093.SZ,20200110,11.46,11.8,11.35,11.65,11.4,0.25,2.193,72364.19,84493.29
400,300093.SZ,20200109,11.48,11.7,11.3,11.4,11.55,-0.15,-1.2987,74942.52,86123.068
401,300093.SZ,20200108,11.0,11.98,10.75,11.55,10.92,0.63,5.7692,141452.27,160861.356
402,300093.SZ,20200107,10.58,10.99,10.42,10.92,10.56,0.36,3.4091,62942.0,67398.122
403,300093.SZ,20200106,10.69,10.69,10.47,10.56,10.77,-0.21,-1.9499,45595.0,48063.24
404,300093.SZ,20200103,11.01,11.01,10.75,10.77,10.98,-0.21,-1.9126,23850.1,25842.839
405,300093.SZ,20200102,11.1,11.11,10.9,10.98,10.98,0.0,0.0,37798.34,41511.459
406,300093.SZ,20191231,11.13,11.26,10.98,10.98,11.09,-0.11,-0.9919,47589.13,52798.616
407,300093.SZ,20191230,10.45,11.39,10.37,11.09,10.55,0.54,5.1185,61878.49,67833.81
408,300093.SZ,20191227,10.49,10.65,10.37,10.55,10.55,0.0,0.0,25684.24,27077.928
409,300093.SZ,20191226,10.74,10.83,10.55,10.55,10.76,-0.21,-1.9517,22655.3,24055.005
410,300093.SZ,20191225,10.85,10.85,10.7,10.76,10.79,-0.03,-0.278,11749.01,12620.481
411,300093.SZ,20191224,10.82,10.87,10.57,10.79,10.82,-0.03,-0.2773,26452.97,28289.278
412,300093.SZ,20191223,11.04,11.1,10.76,10.82,11.07,-0.25,-2.2584,22071.0,24095.995
413,300093.SZ,20191220,10.87,11.13,10.87,11.07,11.1,-0.03,-0.2703,21464.0,23577.901
414,300093.SZ,20191219,11.1,11.13,10.87,11.1,11.1,0.0,0.0,27430.8,30207.063
415,300093.SZ,20191218,11.23,11.26,10.99,11.1,11.18,-0.08,-0.7156,27399.04,30425.996
416,300093.SZ,20191217,11.35,11.45,11.17,11.18,11.2,-0.02,-0.1786,23331.18,26169.276
417,300093.SZ,20191216,11.18,11.39,11.15,11.2,11.19,0.01,0.0894,36711.48,41230.092
418,300093.SZ,20191213,11.25,11.29,11.15,11.19,11.25,-0.06,-0.5333,18315.0,20503.61
419,300093.SZ,20191212,11.24,11.48,11.18,11.25,11.23,0.02,0.1781,20432.06,22973.029
420,300093.SZ,20191211,11.51,11.51,11.22,11.23,11.47,-0.24,-2.0924,21110.0,23871.178
421,300093.SZ,20191210,11.6,11.71,11.41,11.47,11.67,-0.2,-1.7138,21694.06,24953.845
422,300093.SZ,20191209,11.6,11.93,11.51,11.67,11.62,0.05,0.4303,32299.77,37817.468
423,300093.SZ,20191206,11.16,11.62,10.99,11.62,11.19,0.43,3.8427,38614.24,43518.646
424,300093.SZ,20191205,11.15,11.29,11.12,11.19,11.25,-0.06,-0.5333,18463.0,20631.9
425,300093.SZ,20191204,11.29,11.34,11.13,11.25,11.28,-0.03,-0.266,12408.0,13946.887
426,300093.SZ,20191203,11.26,11.38,11.18,11.28,11.24,0.04,0.3559,20226.18,22780.339
427,300093.SZ,20191202,11.21,11.3,11.11,11.24,11.21,0.03,0.2676,12979.9,14520.496
428,300093.SZ,20191129,11.1,11.6,11.1,11.21,11.25,-0.04,-0.3556,20241.0,22921.393
429,300093.SZ,20191128,11.3,11.3,11.21,11.25,11.24,0.01,0.089,15296.28,17222.144
430,300093.SZ,20191127,11.29,11.38,11.16,11.24,11.22,0.02,0.1783,21525.01,24245.833
431,300093.SZ,20191126,11.25,11.33,11.04,11.22,11.33,-0.11,-0.9709,25217.0,28176.929
432,300093.SZ,20191125,11.44,11.47,11.04,11.33,11.45,-0.12,-1.048,30019.0,33782.352
433,300093.SZ,20191122,11.74,11.74,11.11,11.45,11.66,-0.21,-1.801,43895.66,49902.983
434,300093.SZ,20191121,11.76,11.82,11.6,11.66,11.76,-0.1,-0.8503,22273.56,26039.943
435,300093.SZ,20191120,12.03,12.03,11.63,11.76,11.93,-0.17,-1.425,31194.0,36822.395
436,300093.SZ,20191119,12.08,12.19,11.92,11.93,12.08,-0.15,-1.2417,26842.01,32208.844
437,300093.SZ,20191118,12.17,12.17,11.8,12.08,12.09,-0.01,-0.0827,35356.0,42508.677
438,300093.SZ,20191115,12.28,12.49,12.05,12.09,12.18,-0.09,-0.7389,54670.01,67083.089
439,300093.SZ,20191114,11.56,12.28,11.5,12.18,11.5,0.68,5.913,62957.72,75917.303
440,300093.SZ,20191113,11.37,11.54,11.2,11.5,11.3,0.2,1.7699,32508.47,37021.411
441,300093.SZ,20191112,11.24,11.35,11.12,11.3,11.24,0.06,0.5338,20475.71,22999.406
442,300093.SZ,20191111,11.2,11.28,11.01,11.24,11.29,-0.05,-0.4429,22923.0,25509.927
443,300093.SZ,20191108,11.09,11.3,11.0,11.29,11.09,0.2,1.8034,31220.35,34811.903
444,300093.SZ,20191107,11.11,11.4,10.98,11.09,11.3,-0.21,-1.8584,41290.5,45619.262
445,300093.SZ,20191106,11.43,11.56,11.0,11.3,11.43,-0.13,-1.1374,53541.72,60107.643
446,300093.SZ,20191105,11.47,11.5,11.19,11.43,11.47,-0.04,-0.3487,33557.94,37969.256
447,300093.SZ,20191104,11.46,11.66,11.38,11.47,11.54,-0.07,-0.6066,33325.0,38134.409
448,300093.SZ,20191101,11.3,11.68,11.3,11.54,11.6,-0.06,-0.5172,44106.1,50720.734
449,300093.SZ,20191031,11.77,11.77,11.42,11.6,11.7,-0.1,-0.8547,45315.81,52355.367
450,300093.SZ,20191030,11.7,11.74,11.44,11.7,11.5,0.2,1.7391,60054.0,69638.769
451,300093.SZ,20191029,11.94,11.94,11.2,11.5,11.88,-0.38,-3.1987,73213.91,84439.098
452,300093.SZ,20191028,11.96,11.99,11.71,11.88,11.96,-0.08,-0.6689,43124.01,51175.638
453,300093.SZ,20191025,11.92,12.07,11.8,11.96,12.0,-0.04,-0.3333,32049.84,38306.035
454,300093.SZ,20191024,11.97,12.14,11.85,12.0,11.94,0.06,0.5025,35083.0,41914.746
455,300093.SZ,20191023,11.95,12.13,11.85,11.94,11.95,-0.01,-0.0837,29258.01,35076.826
456,300093.SZ,20191022,11.97,12.13,11.8,11.95,12.05,-0.1,-0.8299,33505.22,39835.324
457,300093.SZ,20191021,12.29,12.3,11.8,12.05,12.08,-0.03,-0.2483,48387.27,58100.317
458,300093.SZ,20191018,11.63,12.2,11.63,12.08,11.81,0.27,2.2862,65288.03,78120.317
459,300093.SZ,20191017,11.8,11.96,11.61,11.81,11.9,-0.09,-0.7563,48884.0,57459.687
460,300093.SZ,20191016,11.82,12.12,11.15,11.9,11.84,0.06,0.5068,64300.0,75779.184
461,300093.SZ,20191015,11.83,12.2,11.8,11.84,11.94,-0.1,-0.8375,53198.51,63608.422
462,300093.SZ,20191014,12.35,12.53,11.9,11.94,12.35,-0.41,-3.3198,86424.0,104683.893
463,300093.SZ,20191011,12.69,12.77,12.19,12.35,12.79,-0.44,-3.4402,77375.3,96419.929
464,300093.SZ,20191010,12.83,12.93,12.5,12.79,12.58,0.21,1.6693,80737.25,103006.939
465,300093.SZ,20191009,12.73,12.81,12.23,12.58,12.32,0.26,2.1104,83196.19,103529.676
466,300093.SZ,20191008,11.05,12.37,11.05,12.32,11.38,0.94,8.2601,90193.21,107118.115
467,300093.SZ,20190930,11.55,11.57,11.28,11.38,11.29,0.09,0.7972,46240.23,52860.936
468,300093.SZ,20190927,10.98,11.65,10.9,11.29,11.19,0.1,0.8937,81572.79,92268.698
469,300093.SZ,20190926,11.3,11.5,10.38,11.19,11.16,0.03,0.2688,140868.29,153418.903
470,300093.SZ,20190925,11.62,12.16,10.84,11.16,11.98,-0.82,-6.8447,177920.72,204131.146
471,300093.SZ,20190924,13.28,13.29,11.98,11.98,13.31,-1.33,-9.9925,150328.82,189648.392
472,300093.SZ,20190923,12.79,13.55,12.76,13.31,13.0,0.31,2.3846,134000.67,176650.742
473,300093.SZ,20190920,12.75,13.04,12.45,13.0,12.79,0.21,1.6419,74069.09,94656.542
474,300093.SZ,20190919,12.68,12.95,12.24,12.79,12.68,0.11,0.8675,72565.05,91342.779
475,300093.SZ,20190918,12.5,12.96,12.5,12.68,13.04,-0.36,-2.7607,65903.99,83985.636
476,300093.SZ,20190917,12.75,13.15,12.59,13.04,12.85,0.19,1.4786,101002.23,130544.469
477,300093.SZ,20190916,12.03,12.88,11.68,12.85,12.01,0.84,6.9942,85437.46,105867.197
478,300093.SZ,20190912,12.54,12.75,11.9,12.01,12.54,-0.53,-4.2265,96628.95,117702.448
479,300093.SZ,20190911,12.52,13.65,12.31,12.54,12.74,-0.2,-1.5699,138624.46,179377.136
480,300093.SZ,20190910,11.56,12.74,11.5,12.74,11.58,1.16,10.0173,103461.62,125012.647
481,300093.SZ,20190909,11.49,11.85,11.3,11.58,11.35,0.23,2.0264,50387.71,58183.886
482,300093.SZ,20190906,11.25,11.85,11.16,11.35,11.26,0.09,0.7993,84163.48,96634.352
483,300093.SZ,20190905,11.14,11.42,11.02,11.26,11.21,0.05,0.446,95343.25,106996.321
484,300093.SZ,20190904,10.72,11.42,10.56,11.21,10.53,0.68,6.4577,118662.83,131508.577
485,300093.SZ,20190903,10.62,10.72,10.38,10.53,10.62,-0.09,-0.8475,64024.16,67543.105
486,300093.SZ,20190902,10.57,10.78,10.39,10.62,10.3,0.32,3.1068,83168.59,88318.486
487,300093.SZ,20190830,10.65,11.1,10.3,10.3,10.65,-0.35,-3.2864,139706.71,150392.181
488,300093.SZ,20190829,9.62,11.0,9.62,10.65,10.57,0.08,0.7569,188391.02,193325.442
489,300093.SZ,20190828,10.18,11.1,10.05,10.57,10.13,0.44,4.3435,160696.91,171529.852
490,300093.SZ,20190827,9.95,10.18,9.74,10.13,9.92,0.21,2.1169,110372.92,109759.688
491,300093.SZ,20190826,9.25,9.92,9.15,9.92,9.52,0.4,4.2017,116788.85,112252.773
492,300093.SZ,20190823,9.32,9.88,9.32,9.52,9.37,0.15,1.6009,136133.04,130666.98
493,300093.SZ,20190822,9.15,9.49,8.95,9.37,9.12,0.25,2.7412,92792.88,86332.394
494,300093.SZ,20190821,9.21,9.43,9.0,9.12,9.24,-0.12,-1.2987,99540.54,91472.368
495,300093.SZ,20190820,9.15,9.66,9.06,9.24,9.2,0.04,0.4348,113131.77,105964.866
496,300093.SZ,20190819,8.96,9.67,8.72,9.2,8.91,0.29,3.2548,151297.48,138517.892
497,300093.SZ,20190816,8.81,8.96,8.5,8.91,8.72,0.19,2.1789,144078.56,126019.698
498,300093.SZ,20190815,8.39,9.16,8.39,8.72,8.39,0.33,3.9333,242821.89,210296.135
499,300093.SZ,20190814,7.82,8.39,7.6,8.39,7.63,0.76,9.9607,128305.41,103881.506
500,300093.SZ,20190813,7.73,7.85,7.44,7.63,7.73,-0.1,-1.2937,92704.0,70857.604
501,300093.SZ,20190812,8.1,8.13,7.64,7.73,8.08,-0.35,-4.3317,120548.0,94006.428
502,300093.SZ,20190809,8.64,8.68,7.92,8.08,8.68,-0.6,-6.9124,167254.43,138417.018
503,300093.SZ,20190808,8.7,8.85,8.52,8.68,8.75,-0.07,-0.8,117498.02,101820.746
504,300093.SZ,20190807,8.3,8.83,8.23,8.75,8.28,0.47,5.6763,169606.01,145280.594
505,300093.SZ,20190806,8.08,8.47,7.94,8.28,8.28,0.0,0.0,130514.93,106412.863
506,300093.SZ,20190805,8.22,8.34,8.05,8.28,8.2,0.08,0.9756,119007.47,98059.645
507,300093.SZ,20190802,7.92,8.26,7.92,8.2,8.09,0.11,1.3597,146908.54,119047.264
508,300093.SZ,20190801,7.66,8.33,7.58,8.09,7.65,0.44,5.7516,146157.56,117662.125
509,300093.SZ,20190731,7.9,7.91,7.6,7.65,7.94,-0.29,-3.6524,81226.0,63134.181
510,300093.SZ,20190730,7.97,8.04,7.7,7.94,7.8,0.14,1.7949,64486.0,50862.145
511,300093.SZ,20190729,7.8,8.15,7.73,7.8,7.72,0.08,1.0363,91984.79,72815.232
512,300093.SZ,20190726,7.8,7.93,7.72,7.72,7.82,-0.1,-1.2788,24518.0,19068.073
513,300093.SZ,20190725,7.71,7.86,7.71,7.82,7.77,0.05,0.6435,38153.0,29850.745
514,300093.SZ,20190724,7.59,7.84,7.58,7.77,7.55,0.22,2.9139,45132.9,35069.4
515,300093.SZ,20190723,7.31,7.6,7.31,7.55,7.37,0.18,2.4423,23942.0,17952.744
516,300093.SZ,20190722,7.5,7.55,7.33,7.37,7.54,-0.17,-2.2546,27410.49,20337.135
517,300093.SZ,20190719,7.73,7.73,7.48,7.54,7.64,-0.1,-1.3089,38299.8,28920.931
518,300093.SZ,20190718,7.58,7.74,7.55,7.64,7.63,0.01,0.1311,21565.0,16505.658
519,300093.SZ,20190717,7.53,7.69,7.53,7.63,7.62,0.01,0.1312,20511.6,15655.424
520,300093.SZ,20190716,7.5,7.62,7.44,7.62,7.54,0.08,1.061,28024.0,21057.742
521,300093.SZ,20190715,7.6,7.63,7.41,7.54,7.69,-0.15,-1.9506,34902.59,26282.511
522,300093.SZ,20190712,7.83,7.88,7.67,7.69,7.84,-0.15,-1.9133,57125.0,44202.584
523,300093.SZ,20190711,7.61,7.85,7.61,7.84,7.6,0.24,3.1579,58551.59,45566.521
524,300093.SZ,20190710,7.64,7.8,7.52,7.6,7.68,-0.08,-1.0417,39915.0,30628.655
525,300093.SZ,20190709,7.41,7.68,7.38,7.68,7.44,0.24,3.2258,37600.0,28511.073
526,300093.SZ,20190708,7.62,7.65,7.33,7.44,7.62,-0.18,-2.3622,31344.0,23417.255
527,300093.SZ,20190705,7.46,7.69,7.39,7.62,7.45,0.17,2.2819,38416.0,29162.108
528,300093.SZ,20190704,7.48,7.48,7.35,7.45,7.48,-0.03,-0.4011,21691.63,16113.629
529,300093.SZ,20190703,7.55,7.55,7.32,7.48,7.56,-0.08,-1.0582,32804.87,24317.384
530,300093.SZ,20190702,7.58,7.68,7.51,7.56,7.59,-0.03,-0.3953,24102.85,18307.944
531,300093.SZ,20190701,7.49,7.64,7.4,7.59,7.39,0.2,2.7064,43013.85,32525.914
532,300093.SZ,20190628,7.5,7.56,7.31,7.39,7.49,-0.1,-1.3351,20836.0,15449.153
533,300093.SZ,20190627,7.58,7.64,7.45,7.49,7.58,-0.09,-1.1873,35969.74,27006.333
534,300093.SZ,20190626,7.59,7.66,7.43,7.58,7.61,-0.03,-0.3942,42230.79,31871.378
535,300093.SZ,20190625,7.46,7.9,7.42,7.61,7.63,-0.02,-0.2621,77041.89,58677.861
536,300093.SZ,20190624,7.88,7.88,7.5,7.63,7.89,-0.26,-3.2953,150760.71,115609.82
537,300093.SZ,20190621,7.89,7.89,7.89,7.89,7.17,0.72,10.0418,108687.73,85754.618
538,300093.SZ,20190620,7.25,7.28,7.11,7.17,7.17,0.0,0.0,39989.89,28825.714
539,300093.SZ,20190619,6.98,7.27,6.89,7.17,6.92,0.25,3.6127,58337.02,41359.285
540,300093.SZ,20190618,6.43,6.95,6.42,6.92,6.62,0.3,4.5317,68880.76,46408.006
541,300093.SZ,20190617,7.33,7.33,6.6,6.62,7.33,-0.71,-9.6862,116337.6,78583.929
542,300093.SZ,20190614,7.42,7.47,7.12,7.33,7.34,-0.01,-0.1362,74893.18,54576.211
543,300093.SZ,20190613,7.44,7.45,7.29,7.34,7.46,-0.12,-1.6086,33404.0,24582.947
544,300093.SZ,20190612,7.4,7.53,7.3,7.46,7.44,0.02,0.2688,36728.82,27255.369
545,300093.SZ,20190611,7.57,7.7,7.38,7.44,7.22,0.22,3.0471,58454.99,43810.911
546,300093.SZ,20190610,7.0,7.22,6.95,7.22,7.06,0.16,2.2663,44068.39,31328.926
547,300093.SZ,20190606,6.99,7.2,6.85,7.06,6.91,0.15,2.1708,51375.03,35999.32
548,300093.SZ,20190605,6.91,6.94,6.77,6.91,6.84,0.07,1.0234,35654.07,24551.412
549,300093.SZ,20190604,6.7,6.85,6.62,6.84,6.83,0.01,0.1464,44539.0,29993.558
550,300093.SZ,20190603,6.86,6.95,6.6,6.83,6.92,-0.09,-1.3006,59526.26,40028.709
551,300093.SZ,20190531,6.81,6.95,6.73,6.92,6.81,0.11,1.6153,32639.29,22320.619
552,300093.SZ,20190530,6.89,6.95,6.7,6.81,6.95,-0.14,-2.0144,54810.14,37128.709
553,300093.SZ,20190529,6.87,7.0,6.8,6.95,6.91,0.04,0.5789,28880.16,19978.114
554,300093.SZ,20190528,6.95,7.06,6.88,6.91,6.99,-0.08,-1.1445,36561.4,25463.326
555,300093.SZ,20190527,6.88,7.03,6.74,6.99,6.84,0.15,2.193,35065.35,24346.305
556,300093.SZ,20190524,6.86,7.03,6.71,6.84,6.88,-0.04,-0.5814,44846.0,30783.023
557,300093.SZ,20190523,7.16,7.27,6.85,6.88,7.16,-0.28,-3.9106,49983.48,34737.878
558,300093.SZ,20190522,7.41,7.45,7.11,7.16,7.27,-0.11,-1.5131,37588.01,27232.362
559,300093.SZ,20190521,7.3,7.51,7.22,7.27,7.2,0.07,0.9722,41033.3,30287.552
560,300093.SZ,20190520,7.45,7.45,6.64,7.2,7.38,-0.18,-2.439,55831.3,39354.678
561,300093.SZ,20190517,7.61,7.75,7.36,7.38,7.61,-0.23,-3.0223,59479.83,44335.454
562,300093.SZ,20190516,7.48,7.75,7.48,7.61,7.46,0.15,2.0107,57801.26,43926.738
563,300093.SZ,20190515,7.18,7.51,7.18,7.46,7.18,0.28,3.8997,54272.3,40364.408
564,300093.SZ,20190514,7.12,7.34,7.06,7.18,7.18,0.0,0.0,52558.51,37987.021
565,300093.SZ,20190513,6.99,7.18,6.86,7.18,7.1,0.08,1.1268,68625.14,48467.538
566,300093.SZ,20190510,7.03,7.31,6.97,7.1,7.03,0.07,0.9957,69876.97,50155.354
567,300093.SZ,20190509,6.79,7.13,6.74,7.03,6.78,0.25,3.6873,78619.0,54729.769
568,300093.SZ,20190508,6.8,6.93,6.54,6.78,6.69,0.09,1.3453,75968.97,51732.205
569,300093.SZ,20190507,6.33,6.72,6.26,6.69,6.37,0.32,5.0235,77132.87,50878.641
570,300093.SZ,20190506,6.45,6.51,5.91,6.37,6.53,-0.16,-2.4502,150698.33,95063.071
571,300093.SZ,20190430,6.53,6.53,6.53,6.53,7.25,-0.72,-9.931,57624.0,37628.472
572,300093.SZ,20190429,7.35,7.5,7.22,7.25,7.38,-0.13,-1.7615,76128.52,56265.964
573,300093.SZ,20190426,7.59,7.6,7.2,7.38,7.6,-0.22,-2.8947,116746.58,86555.806
574,300093.SZ,20190425,8.04,8.13,7.6,7.6,8.05,-0.45,-5.5901,63993.83,50422.114
575,300093.SZ,20190424,7.95,8.09,7.88,8.05,7.92,0.13,1.6414,55655.3,44606.513
576,300093.SZ,20190423,7.8,8.05,7.73,7.92,7.92,0.0,0.0,78804.88,62331.436
577,300093.SZ,20190422,8.18,8.21,7.89,7.92,8.19,-0.27,-3.2967,81744.94,65768.855
578,300093.SZ,20190419,8.01,8.22,7.93,8.19,8.31,-0.12,-1.444,103804.41,83743.572
579,300093.SZ,20190418,8.82,8.95,8.04,8.31,8.9,-0.59,-6.6292,208486.18,176100.677
580,300093.SZ,20190417,8.28,8.98,8.28,8.9,8.33,0.57,6.8427,166595.79,144543.009
581,300093.SZ,20190416,8.41,8.44,8.05,8.33,8.07,0.26,3.2218,131386.98,108205.503
582,300093.SZ,20190415,8.16,8.46,8.05,8.07,7.93,0.14,1.7654,161535.81,133572.374
583,300093.SZ,20190412,7.99,8.19,7.8,7.93,8.03,-0.1,-1.2453,93710.49,74951.321
584,300093.SZ,20190411,8.38,8.52,8.03,8.03,8.36,-0.33,-3.9474,80640.42,66494.766
585,300093.SZ,20190410,8.1,8.37,7.97,8.36,8.2,0.16,1.9512,83999.2,69092.577
586,300093.SZ,20190409,8.01,8.33,7.92,8.2,8.09,0.11,1.3597,87815.87,71497.962
587,300093.SZ,20190408,7.93,8.35,7.86,8.09,7.88,0.21,2.665,116609.43,94494.342
588,300093.SZ,20190404,7.78,7.88,7.73,7.88,7.76,0.12,1.5464,89501.67,69963.789
589,300093.SZ,20190403,7.6,7.85,7.59,7.76,7.68,0.08,1.0417,85838.15,66237.183
590,300093.SZ,20190402,7.78,7.94,7.65,7.68,7.8,-0.12,-1.5385,89774.0,69633.292
591,300093.SZ,20190401,7.58,7.86,7.51,7.8,7.5,0.3,4.0,121267.7,93520.444
592,300093.SZ,20190329,7.39,7.57,7.15,7.5,7.41,0.09,1.2146,118785.98,88171.415
593,300093.SZ,20190328,7.4,7.75,7.24,7.41,7.35,0.06,0.8163,137589.56,102071.58
594,300093.SZ,20190327,7.0,7.49,6.99,7.35,6.96,0.39,5.6034,126327.79,91644.931
595,300093.SZ,20190326,7.46,7.59,6.93,6.96,7.22,-0.26,-3.6011,95822.79,69276.382
596,300093.SZ,20190325,7.18,7.42,7.13,7.22,7.31,-0.09,-1.2312,70563.48,51380.801
597,300093.SZ,20190322,7.25,7.34,7.09,7.31,7.29,0.02,0.2743,75765.11,54648.68
598,300093.SZ,20190321,7.18,7.34,7.18,7.29,7.18,0.11,1.532,77931.85,56666.823
599,300093.SZ,20190320,7.23,7.23,6.96,7.18,7.16,0.02,0.2793,79864.26,56766.316
600,300093.SZ,20190319,7.19,7.3,7.13,7.16,7.18,-0.02,-0.2786,85558.51,61635.825
601,300093.SZ,20190318,7.03,7.2,6.97,7.18,6.97,0.21,3.0129,88183.63,62425.302
602,300093.SZ,20190315,6.88,7.08,6.84,6.97,6.86,0.11,1.6035,133397.03,92548.688
603,300093.SZ,20190314,7.5,7.6,6.82,6.86,7.58,-0.72,-9.4987,216997.86,152266.525
604,300093.SZ,20190313,7.8,7.95,7.55,7.58,7.79,-0.21,-2.6958,125081.52,96840.835
605,300093.SZ,20190312,7.82,7.94,7.61,7.79,7.89,-0.1,-1.2674,157474.83,122960.294
606,300093.SZ,20190311,7.33,7.97,7.22,7.89,7.36,0.53,7.2011,196510.21,148953.093
607,300093.SZ,20190308,7.0,7.71,6.95,7.36,7.33,0.03,0.4093,182627.72,132443.96
608,300093.SZ,20190307,7.07,7.73,7.02,7.33,7.04,0.29,4.1193,167200.06,123537.492
609,300093.SZ,20190306,6.93,7.13,6.86,7.04,6.9,0.14,2.029,105097.59,73923.878
610,300093.SZ,20190305,6.77,6.93,6.73,6.9,6.84,0.06,0.8772,87309.33,59512.446
611,300093.SZ,20190304,6.7,6.94,6.69,6.84,6.68,0.16,2.3952,88658.67,60342.352
612,300093.SZ,20190301,6.7,6.75,6.58,6.68,6.67,0.01,0.1499,70271.1,46919.675
613,300093.SZ,20190228,6.56,6.74,6.54,6.67,6.61,0.06,0.9077,69637.0,46173.48
614,300093.SZ,20190227,6.5,6.75,6.43,6.61,6.5,0.11,1.6923,91614.76,60468.397
615,300093.SZ,20190226,6.47,6.63,6.39,6.5,6.51,-0.01,-0.1536,81989.84,53473.928
616,300093.SZ,20190225,6.27,6.56,6.21,6.51,6.23,0.28,4.4944,86844.21,55555.851
617,300093.SZ,20190222,6.04,6.25,6.01,6.23,6.02,0.21,3.4884,58512.63,35929.859
618,300093.SZ,20190221,6.12,6.2,5.96,6.02,6.1,-0.08,-1.3115,56905.77,34722.98
619,300093.SZ,20190220,6.02,6.15,5.98,6.1,6.01,0.09,1.4975,50219.28,30448.392
620,300093.SZ,20190219,6.0,6.1,5.86,6.01,5.97,0.04,0.67,57974.32,34743.068
621,300093.SZ,20190218,5.75,6.0,5.72,5.97,5.73,0.24,4.1885,56649.95,33281.751
622,300093.SZ,20190215,5.71,5.84,5.68,5.73,5.71,0.02,0.3503,43396.49,24929.457
623,300093.SZ,20190214,5.68,5.77,5.66,5.71,5.7,0.01,0.1754,41364.01,23618.681
624,300093.SZ,20190213,5.64,5.77,5.59,5.7,5.6,0.1,1.7857,57529.14,32532.807
625,300093.SZ,20190212,5.54,5.62,5.47,5.6,5.52,0.08,1.4493,61533.74,34246.355
626,300093.SZ,20190211,5.41,5.54,5.36,5.52,5.39,0.13,2.4119,58710.04,32035.089
627,300093.SZ,20190201,5.23,5.44,5.21,5.39,5.19,0.2,3.8536,47690.43,25373.333
628,300093.SZ,20190131,5.25,5.34,5.13,5.19,5.23,-0.04,-0.7648,52670.29,27546.823
629,300093.SZ,20190130,5.38,5.38,5.23,5.23,5.36,-0.13,-2.4254,49828.63,26403.798
630,300093.SZ,20190129,5.63,5.63,5.28,5.36,5.67,-0.31,-5.4674,85409.81,46211.046
631,300093.SZ,20190128,5.66,5.9,5.49,5.67,6.04,-0.37,-6.1258,102835.95,57817.568
632,300093.SZ,20190125,6.34,6.34,6.04,6.04,6.71,-0.67,-9.9851,61539.0,37230.337
633,300093.SZ,20190124,6.74,6.75,6.64,6.71,6.7,0.01,0.1493,12222.13,8191.62
634,300093.SZ,20190123,6.62,6.73,6.62,6.7,6.72,-0.02,-0.2976,16562.93,11051.331
635,300093.SZ,20190122,6.69,6.75,6.65,6.72,6.75,-0.03,-0.4444,14751.91,9874.154
636,300093.SZ,20190121,6.74,6.8,6.64,6.75,6.76,-0.01,-0.1479,25135.82,16854.039
637,300093.SZ,20190118,6.63,6.8,6.57,6.76,6.69,0.07,1.0463,30369.0,20268.805
638,300093.SZ,20190117,6.68,6.75,6.61,6.69,6.72,-0.03,-0.4464,19755.0,13205.952
639,300093.SZ,20190116,6.72,6.84,6.66,6.72,6.72,0.0,0.0,26687.99,18012.346
640,300093.SZ,20190115,6.61,6.75,6.53,6.72,6.61,0.11,1.6641,30728.71,20532.164
641,300093.SZ,20190114,6.63,6.75,6.54,6.61,6.64,-0.03,-0.4518,24971.81,16561.017
642,300093.SZ,20190111,6.67,6.7,6.55,6.64,6.63,0.01,0.1508,18892.0,12494.779
643,300093.SZ,20190110,6.63,6.68,6.56,6.63,6.62,0.01,0.1511,20666.0,13648.085
644,300093.SZ,20190109,6.54,6.7,6.51,6.62,6.55,0.07,1.0687,28246.65,18737.959
645,300093.SZ,20190108,6.5,6.65,6.46,6.55,6.54,0.01,0.1529,28237.91,18509.376
646,300093.SZ,20190107,6.4,6.55,6.32,6.54,6.33,0.21,3.3175,36893.65,23811.615
647,300093.SZ,20190104,6.01,6.4,5.97,6.33,6.09,0.24,3.9409,33095.54,20600.911
648,300093.SZ,20190103,6.05,6.2,5.99,6.09,6.07,0.02,0.3295,20224.97,12333.489
649,300093.SZ,20190102,6.05,6.16,6.02,6.07,6.11,-0.04,-0.6547,21686.4,13201.898
650,300093.SZ,20181228,6.17,6.19,6.0,6.11,6.13,-0.02,-0.3263,39793.8,24228.674
651,300093.SZ,20181227,6.32,6.33,6.07,6.13,6.24,-0.11,-1.7628,54322.0,33510.979
652,300093.SZ,20181226,6.22,6.26,6.12,6.24,6.2,0.04,0.6452,27946.81,17313.642
653,300093.SZ,20181225,6.17,6.23,5.91,6.2,6.24,-0.04,-0.641,35748.99,21694.362
654,300093.SZ,20181224,6.14,6.26,6.05,6.24,6.1,0.14,2.2951,26128.0,16152.047
655,300093.SZ,20181221,6.23,6.23,6.05,6.1,6.26,-0.16,-2.5559,26866.0,16475.185
656,300093.SZ,20181220,6.16,6.29,6.14,6.26,6.16,0.1,1.6234,22841.0,14201.499
657,300093.SZ,20181219,6.29,6.34,6.1,6.16,6.28,-0.12,-1.9108,23959.6,14900.643
658,300093.SZ,20181218,6.28,6.34,6.16,6.28,6.27,0.01,0.1595,30321.28,19023.368
659,300093.SZ,20181217,6.17,6.28,6.02,6.27,6.13,0.14,2.2838,36429.61,22560.561
660,300093.SZ,20181214,6.49,6.52,6.1,6.13,6.49,-0.36,-5.547,45565.13,28632.121
661,300093.SZ,20181213,6.42,6.57,6.39,6.49,6.42,0.07,1.0903,29538.0,19193.429
662,300093.SZ,20181212,6.38,6.49,6.38,6.42,6.42,0.0,0.0,18959.0,12217.682
663,300093.SZ,20181211,6.37,6.49,6.36,6.42,6.37,0.05,0.7849,30145.0,19331.983
664,300093.SZ,20181210,6.57,6.59,6.35,6.37,6.63,-0.26,-3.9216,30977.0,19911.361
665,300093.SZ,20181207,6.7,6.74,6.57,6.63,6.63,0.0,0.0,21316.0,14133.674
666,300093.SZ,20181206,6.75,6.79,6.59,6.63,6.8,-0.17,-2.5,26570.0,17759.534
667,300093.SZ,20181205,6.62,6.87,6.62,6.8,6.83,-0.03,-0.4392,52460.01,35415.468
668,300093.SZ,20181204,6.75,6.85,6.74,6.83,6.77,0.06,0.8863,49436.01,33591.413
669,300093.SZ,20181203,6.77,6.87,6.7,6.77,6.61,0.16,2.4206,74614.16,50627.325
670,300093.SZ,20181130,6.48,6.63,6.27,6.61,6.47,0.14,2.1638,43465.0,28060.941
671,300093.SZ,20181129,6.85,6.86,6.45,6.47,6.83,-0.36,-5.2709,56301.74,37565.794
672,300093.SZ,20181128,6.64,6.87,6.54,6.83,6.62,0.21,3.1722,55388.16,37151.744
673,300093.SZ,20181127,6.7,6.78,6.54,6.62,6.67,-0.05,-0.7496,54290.52,36036.681
674,300093.SZ,20181126,6.52,6.79,6.51,6.67,6.52,0.15,2.3006,62978.75,41858.716
675,300093.SZ,20181123,6.9,6.93,6.47,6.52,6.9,-0.38,-5.5072,78825.98,52313.812
676,300093.SZ,20181122,6.97,7.01,6.83,6.9,6.9,0.0,0.0,50828.52,35080.557
677,300093.SZ,20181121,6.74,6.99,6.7,6.9,6.76,0.14,2.071,72152.74,49428.81
678,300093.SZ,20181120,6.9,7.02,6.7,6.76,7.01,-0.25,-3.5663,73198.0,50119.341
679,300093.SZ,20181119,6.93,7.09,6.84,7.01,6.93,0.08,1.1544,104004.6,72377.141
680,300093.SZ,20181116,6.99,7.1,6.86,6.93,6.95,-0.02,-0.2878,91146.0,63592.361
681,300093.SZ,20181115,6.8,7.07,6.71,6.95,6.75,0.2,2.963,111419.75,76724.239
682,300093.SZ,20181114,6.68,6.99,6.68,6.75,6.71,0.04,0.5961,113543.98,77263.404
683,300093.SZ,20181113,6.5,6.81,6.44,6.71,6.6,0.11,1.6667,117756.55,78069.221
684,300093.SZ,20181112,6.11,6.74,6.11,6.6,6.16,0.44,7.1429,143756.18,93462.029
685,300093.SZ,20181109,6.17,6.23,6.11,6.16,6.17,-0.01,-0.1621,42514.01,26266.769
686,300093.SZ,20181108,6.17,6.24,6.11,6.17,6.12,0.05,0.817,62541.21,38672.179
687,300093.SZ,20181107,6.08,6.27,6.04,6.12,6.09,0.03,0.4926,80752.08,49742.548
688,300093.SZ,20181106,6.08,6.12,5.97,6.09,6.15,-0.06,-0.9756,43012.02,25963.177
689,300093.SZ,20181105,6.12,6.2,5.96,6.15,6.11,0.04,0.6547,62370.55,38050.49
690,300093.SZ,20181102,5.93,6.29,5.93,6.11,5.89,0.22,3.7351,75485.98,45911.987
691,300093.SZ,20181101,5.84,6.05,5.83,5.89,5.83,0.06,1.0292,67347.55,39990.716
692,300093.SZ,20181031,5.79,5.92,5.78,5.83,5.76,0.07,1.2153,42307.2,24787.494
693,300093.SZ,20181030,5.66,5.83,5.55,5.76,5.68,0.08,1.4085,36728.97,20979.144
694,300093.SZ,20181029,5.72,5.8,5.64,5.68,5.77,-0.09,-1.5598,28969.6,16574.77
695,300093.SZ,20181026,5.89,5.94,5.76,5.77,5.85,-0.08,-1.3675,48006.02,28032.263
696,300093.SZ,20181025,5.59,5.91,5.53,5.85,5.76,0.09,1.5625,57687.45,32885.132
697,300093.SZ,20181024,5.73,5.84,5.68,5.76,5.72,0.04,0.6993,54218.04,31227.014
698,300093.SZ,20181023,5.75,5.97,5.66,5.72,5.73,-0.01,-0.1745,69695.1,40385.769
699,300093.SZ,20181022,5.58,5.87,5.58,5.73,5.42,0.31,5.7196,80606.21,46154.531
700,300093.SZ,20181019,5.21,5.47,5.2,5.42,5.3,0.12,2.2642,41663.19,22399.667
701,300093.SZ,20181018,5.4,5.49,5.18,5.3,5.41,-0.11,-2.0333,40470.0,21616.374
702,300093.SZ,20181017,5.45,5.5,5.29,5.41,5.32,0.09,1.6917,40133.0,21691.852
703,300093.SZ,20181016,5.52,5.6,5.2,5.32,5.49,-0.17,-3.0965,47769.0,25909.418
704,300093.SZ,20181015,5.62,5.72,5.44,5.49,5.62,-0.13,-2.3132,30795.56,17325.758
705,300093.SZ,20181012,5.75,5.78,5.38,5.62,5.78,-0.16,-2.7682,42802.56,23953.849
706,300093.SZ,20181011,6.2,6.2,5.78,5.78,6.42,-0.64,-9.9688,56460.58,33184.376
707,300093.SZ,20181010,6.38,6.47,6.35,6.42,6.39,0.03,0.4695,22514.0,14383.22
708,300093.SZ,20181009,6.38,6.47,6.33,6.39,6.4,-0.01,-0.1563,28661.01,18351.884
709,300093.SZ,20181008,6.69,6.69,6.32,6.4,6.77,-0.37,-5.4653,33354.19,21866.307
710,300093.SZ,20180928,6.7,6.77,6.65,6.77,6.66,0.11,1.6517,26127.89,17538.782
711,300093.SZ,20180927,6.99,6.99,6.66,6.66,6.94,-0.28,-4.0346,43545.93,29482.434
712,300093.SZ,20180926,6.98,6.98,6.91,6.94,6.97,-0.03,-0.4304,27574.0,19149.613
713,300093.SZ,20180925,6.99,6.99,6.91,6.97,7.03,-0.06,-0.8535,22194.0,15399.127
714,300093.SZ,20180921,6.99,7.09,6.93,7.03,6.97,0.06,0.8608,50469.58,35422.808
715,300093.SZ,20180920,6.96,7.06,6.88,6.97,6.93,0.04,0.5772,55209.59,38467.399
716,300093.SZ,20180919,6.79,7.2,6.75,6.93,6.81,0.12,1.7621,77660.19,53772.421
717,300093.SZ,20180918,6.51,6.89,6.5,6.81,6.78,0.03,0.4425,62388.19,41568.505
718,300093.SZ,20180917,6.99,7.2,6.78,6.78,6.74,0.04,0.5935,89319.59,61956.786
719,300093.SZ,20180914,6.84,6.86,6.7,6.74,6.81,-0.07,-1.0279,24500.52,16612.362
720,300093.SZ,20180913,6.75,6.82,6.64,6.81,6.71,0.1,1.4903,24673.01,16632.465
721,300093.SZ,20180912,6.72,6.76,6.67,6.71,6.72,-0.01,-0.1488,16317.33,10966.108
722,300093.SZ,20180911,6.69,6.76,6.63,6.72,6.7,0.02,0.2985,17991.98,12058.357
723,300093.SZ,20180910,6.78,6.89,6.66,6.7,6.86,-0.16,-2.3324,19436.78,13091.954
724,300093.SZ,20180907,6.82,6.98,6.78,6.86,6.87,-0.01,-0.1456,29314.0,20162.398
725,300093.SZ,20180906,6.77,7.1,6.71,6.87,6.78,0.09,1.3274,40393.58,27825.019
726,300093.SZ,20180905,6.87,6.92,6.76,6.78,6.9,-0.12,-1.7391,24940.0,17070.026
727,300093.SZ,20180904,6.74,7.02,6.68,6.9,6.74,0.16,2.3739,49420.0,33874.29
728,300093.SZ,20180903,6.71,6.75,6.59,6.74,6.71,0.03,0.4471,18508.6,12362.131
729,300093.SZ,20180831,6.71,6.74,6.59,6.71,6.7,0.01,0.1493,16109.52,10753.659
730,300093.SZ,20180830,6.83,6.88,6.67,6.7,6.78,-0.08,-1.1799,16857.0,11378.853
731,300093.SZ,20180829,6.86,6.86,6.74,6.78,6.86,-0.08,-1.1662,14156.01,9595.854
732,300093.SZ,20180828,6.88,6.92,6.79,6.86,6.84,0.02,0.2924,22922.0,15675.118
733,300093.SZ,20180827,6.69,6.84,6.62,6.84,6.7,0.14,2.0896,21796.75,14774.323
734,300093.SZ,20180824,6.75,6.75,6.66,6.7,6.72,-0.02,-0.2976,14456.67,9700.102
735,300093.SZ,20180823,6.72,6.79,6.66,6.72,6.7,0.02,0.2985,14953.67,10058.857
736,300093.SZ,20180822,6.68,6.71,6.63,6.7,6.71,-0.01,-0.149,14243.6,9489.285
737,300093.SZ,20180821,6.66,6.76,6.63,6.71,6.66,0.05,0.7508,18754.84,12574.192
738,300093.SZ,20180820,6.56,6.68,6.5,6.66,6.61,0.05,0.7564,18780.67,12419.138
739,300093.SZ,20180817,6.8,6.85,6.6,6.61,6.75,-0.14,-2.0741,23216.45,15570.554
740,300093.SZ,20180816,6.8,6.88,6.68,6.75,6.9,-0.15,-2.1739,33768.86,22954.289
741,300093.SZ,20180815,7.01,7.1,6.8,6.9,7.13,-0.23,-3.2258,51854.62,36094.679
742,300093.SZ,20180814,7.18,7.5,7.11,7.13,6.96,0.17,2.4425,91698.65,66446.951
743,300093.SZ,20180813,6.8,6.96,6.78,6.96,6.94,0.02,0.2882,21429.56,14718.857
744,300093.SZ,20180810,6.96,7.02,6.88,6.94,6.95,-0.01,-0.1439,24242.61,16820.986
745,300093.SZ,20180809,6.86,7.07,6.76,6.95,6.83,0.12,1.757,36850.82,25574.504
746,300093.SZ,20180808,6.81,6.98,6.81,6.83,6.86,-0.03,-0.4373,31705.53,21841.792
747,300093.SZ,20180807,6.7,6.88,6.61,6.86,6.71,0.15,2.2355,28206.4,19145.451
748,300093.SZ,20180806,6.73,6.96,6.65,6.71,6.75,-0.04,-0.5926,25830.65,17439.108
749,300093.SZ,20180803,6.71,6.82,6.71,6.75,6.75,0.0,0.0,28869.42,19543.035
750,300093.SZ,20180802,6.93,7.0,6.54,6.75,6.97,-0.22,-3.1564,53359.04,36008.235
751,300093.SZ,20180801,7.23,7.28,6.93,6.97,7.23,-0.26,-3.5961,36503.85,26087.076
752,300093.SZ,20180731,7.22,7.29,7.13,7.23,7.24,-0.01,-0.1381,32378.78,23342.45
753,300093.SZ,20180730,7.44,7.44,7.15,7.24,7.44,-0.2,-2.6882,45232.78,32740.042
754,300093.SZ,20180727,7.52,7.54,7.37,7.44,7.57,-0.13,-1.7173,53221.69,39553.692
755,300093.SZ,20180726,7.31,7.7,7.18,7.57,7.34,0.23,3.1335,96844.69,72016.399
756,300093.SZ,20180725,7.28,7.53,7.21,7.34,7.27,0.07,0.9629,72564.3,53466.35
757,300093.SZ,20180724,7.15,7.35,7.11,7.27,7.16,0.11,1.5363,55634.18,40227.044
758,300093.SZ,20180723,7.05,7.2,7.01,7.16,7.05,0.11,1.5603,36821.01,26181.199
759,300093.SZ,20180720,6.96,7.07,6.93,7.05,6.96,0.09,1.2931,24892.56,17433.575
760,300093.SZ,20180719,7.08,7.09,6.92,6.96,7.06,-0.1,-1.42,25269.67,17676.723
761,300093.SZ,20180718,7.17,7.23,7.05,7.06,7.15,-0.09,-1.26,28504.67,20299.787
762,300093.SZ,20180717,7.06,7.17,7.0,7.15,7.08,0.07,0.99,25142.26,17871.812
763,300093.SZ,20180716,7.14,7.14,6.92,7.08,7.12,-0.04,-0.56,23458.03,16533.221
764,300093.SZ,20180713,7.11,7.21,7.07,7.12,7.15,-0.03,-0.42,35194.54,25137.862
765,300093.SZ,20180712,6.83,7.16,6.83,7.16,6.91,0.25,3.62,45612.56,32236.963
766,300093.SZ,20180711,7.01,7.11,6.73,6.91,7.18,-0.27,-3.76,67103.1,46596.167
767,300093.SZ,20180710,6.96,7.61,6.85,7.18,6.92,0.26,3.76,99032.47,71677.299
768,300093.SZ,20180709,6.77,6.97,6.71,6.92,6.73,0.19,2.82,39208.01,26893.961
769,300093.SZ,20180706,6.63,6.79,6.55,6.73,6.62,0.11,1.66,35886.99,24059.438
770,300093.SZ,20180705,6.9,7.01,6.59,6.62,6.94,-0.32,-4.61,38609.9,26401.202
771,300093.SZ,20180704,7.13,7.13,6.86,6.94,7.13,-0.19,-2.66,31964.0,22345.02
772,300093.SZ,20180703,6.92,7.19,6.92,7.13,7.01,0.12,1.71,50278.91,35620.121
773,300093.SZ,20180702,6.9,7.3,6.89,7.01,6.91,0.1,1.45,54548.0,38595.487
774,300093.SZ,20180629,6.71,7.0,6.64,6.91,6.69,0.22,3.29,41567.64,28473.619
775,300093.SZ,20180628,6.83,6.91,6.62,6.69,6.83,-0.14,-2.05,25608.51,17377.062
776,300093.SZ,20180627,6.82,6.95,6.77,6.83,6.87,-0.04,-0.58,23892.76,16364.598
777,300093.SZ,20180626,6.65,6.98,6.58,6.87,6.75,0.12,1.78,36664.01,24966.493
778,300093.SZ,20180625,6.81,6.99,6.68,6.75,6.79,-0.04,-0.59,26627.01,18130.213
779,300093.SZ,20180622,6.46,6.83,6.45,6.79,6.59,0.2,3.03,32303.76,21632.477
780,300093.SZ,20180621,6.71,6.88,6.58,6.59,6.71,-0.12,-1.79,35180.0,23683.962
781,300093.SZ,20180620,6.46,6.73,6.46,6.71,6.55,0.16,2.44,36355.92,24124.026
782,300093.SZ,20180619,7.04,7.13,6.55,6.55,7.28,-0.73,-10.03,59143.89,39955.932
783,300093.SZ,20180615,7.33,7.46,6.7,7.28,7.44,-0.16,-2.15,59551.4,42578.962
784,300093.SZ,20180614,7.28,7.59,7.22,7.44,7.36,0.08,1.09,39354.5,29366.733
785,300093.SZ,20180613,7.25,7.57,7.22,7.36,7.44,-0.08,-1.08,50823.88,37629.379
786,300093.SZ,20180612,7.71,7.76,7.11,7.44,7.9,-0.46,-5.82,116858.91,85164.475
787,300093.SZ,20180611,7.92,7.94,7.8,7.9,7.94,-0.04,-0.5,19034.33,14981.144
788,300093.SZ,20180608,8.0,8.05,7.79,7.94,8.07,-0.13,-1.61,35912.75,28435.335
789,300093.SZ,20180607,8.22,8.22,8.07,8.07,8.2,-0.13,-1.59,25322.0,20594.247
790,300093.SZ,20180606,8.23,8.24,8.08,8.2,8.25,-0.05,-0.61,29913.17,24421.034
791,300093.SZ,20180605,8.09,8.25,7.98,8.25,8.12,0.13,1.6,36171.59,29352.905
792,300093.SZ,20180604,8.07,8.16,8.03,8.12,8.04,0.08,1.0,29174.0,23697.11
793,300093.SZ,20180601,8.24,8.28,7.95,8.04,8.23,-0.19,-2.31,43933.17,35572.774
794,300093.SZ,20180531,8.05,8.28,7.94,8.23,7.97,0.26,3.26,45523.94,36970.162
795,300093.SZ,20180530,8.39,8.39,7.91,7.97,8.58,-0.61,-7.11,63084.15,51471.696
796,300093.SZ,20180529,8.72,8.85,8.53,8.58,8.87,-0.29,-3.27,59689.0,51743.065
797,300093.SZ,20180528,9.12,9.12,8.82,8.87,9.13,-0.26,-2.85,48201.94,43225.606
798,300093.SZ,20180525,9.04,9.25,8.8,9.13,9.17,-0.04,-0.44,76166.44,68503.295
799,300093.SZ,20180524,9.25,9.34,9.02,9.17,8.97,0.2,2.23,105852.51,97179.244
800,300093.SZ,20180523,9.0,9.06,8.88,8.97,9.08,-0.11,-1.21,68817.52,61573.326
801,300093.SZ,20180522,8.72,9.13,8.69,9.08,8.84,0.24,2.71,115040.94,103150.744
802,300093.SZ,20180521,8.57,8.88,8.54,8.84,8.5,0.34,4.0,107885.32,93886.045
803,300093.SZ,20180518,8.48,8.51,8.37,8.5,8.46,0.04,0.47,48963.92,41402.227
804,300093.SZ,20180517,8.57,8.59,8.37,8.46,8.55,-0.09,-1.05,54160.5,45938.149
805,300093.SZ,20180516,8.65,8.71,8.5,8.55,8.7,-0.15,-1.72,73502.0,63148.844
806,300093.SZ,20180515,8.44,8.76,8.44,8.7,8.52,0.18,2.11,111706.6,96468.196
807,300093.SZ,20180514,8.61,8.8,8.32,8.52,9.13,-0.61,-6.68,162750.04,138671.763
808,300093.SZ,20180511,9.45,9.45,9.13,9.13,9.46,-0.33,-3.49,120138.0,111039.652
809,300093.SZ,20180510,9.39,9.52,9.24,9.46,9.57,-0.11,-1.15,165580.64,155739.171
810,300093.SZ,20180509,9.92,10.15,9.45,9.57,10.28,-0.71,-6.91,293774.57,284021.016
811,300093.SZ,20180508,9.76,11.02,9.76,10.28,10.04,0.24,2.39,417422.18,434123.617
812,300093.SZ,20180507,9.89,10.04,9.32,10.04,9.13,0.91,9.97,312363.06,301339.591
813,300093.SZ,20180504,9.13,9.13,9.13,9.13,8.3,0.83,10.0,46718.43,42653.926
814,300093.SZ,20180503,8.17,8.32,7.91,8.3,8.21,0.09,1.1,34382.0,27882.108
815,300093.SZ,20180502,8.55,8.55,8.12,8.21,8.48,-0.27,-3.18,32388.2,26830.78
816,300093.SZ,20180427,8.32,8.55,8.32,8.48,8.32,0.16,1.92,39368.0,33210.354
817,300093.SZ,20180426,8.47,8.57,8.26,8.32,8.52,-0.2,-2.35,37357.48,31389.362
818,300093.SZ,20180425,8.35,8.6,8.2,8.52,8.31,0.21,2.53,58007.86,49080.27
819,300093.SZ,20180424,7.98,8.32,7.98,8.31,8.02,0.29,3.62,32923.41,27076.195
820,300093.SZ,20180423,8.1,8.24,7.85,8.02,8.19,-0.17,-2.08,37280.68,30044.918
821,300093.SZ,20180420,8.35,8.65,8.11,8.19,8.34,-0.15,-1.8,40980.67,34454.937
822,300093.SZ,20180419,8.35,8.43,8.28,8.34,8.35,-0.01,-0.12,35839.78,30002.43
823,300093.SZ,20180418,8.0,8.37,8.0,8.35,7.98,0.37,4.64,59368.36,48641.861
824,300093.SZ,20180417,8.39,8.43,7.9,7.98,8.34,-0.36,-4.32,44274.01,36049.344
825,300093.SZ,20180416,8.53,8.54,8.27,8.34,8.54,-0.2,-2.34,44621.6,37431.821
826,300093.SZ,20180413,8.73,8.77,8.47,8.54,8.66,-0.12,-1.39,38236.03,32833.067
827,300093.SZ,20180412,8.8,8.83,8.64,8.66,8.8,-0.14,-1.59,38962.01,33995.612
828,300093.SZ,20180411,8.71,8.85,8.65,8.8,8.7,0.1,1.15,47615.35,41812.585
829,300093.SZ,20180410,8.83,8.95,8.43,8.7,8.97,-0.27,-3.01,83807.34,72785.24
830,300093.SZ,20180409,9.09,9.1,8.34,8.97,9.09,-0.12,-1.32,81423.32,72101.29
831,300093.SZ,20180404,8.84,9.48,8.84,9.09,8.81,0.28,3.18,120828.65,110949.923
832,300093.SZ,20180403,8.9,8.94,8.71,8.81,9.06,-0.25,-2.76,61496.01,54200.385
833,300093.SZ,20180402,9.21,9.21,9.05,9.06,9.19,-0.13,-1.41,72531.86,66130.822
834,300093.SZ,20180330,9.04,9.24,8.99,9.19,8.98,0.21,2.34,104341.02,95220.029
835,300093.SZ,20180329,8.9,9.13,8.81,8.98,8.86,0.12,1.35,83482.72,74818.918
836,300093.SZ,20180328,9.17,9.17,8.82,8.86,9.15,-0.29,-3.17,129080.68,115521.437
837,300093.SZ,20180327,8.49,9.15,8.4,9.15,8.32,0.83,9.98,147877.22,133353.094
838,300093.SZ,20180326,8.0,8.36,7.68,8.32,8.03,0.29,3.61,69722.2,56429.807
839,300093.SZ,20180323,8.4,8.62,7.99,8.03,8.88,-0.85,-9.57,104795.01,86681.709
840,300093.SZ,20180322,9.07,9.15,8.87,8.88,9.06,-0.18,-1.99,72492.13,65147.502
841,300093.SZ,20180321,9.31,9.55,9.02,9.06,9.42,-0.36,-3.82,77548.8,72454.258
842,300093.SZ,20180320,9.33,9.48,9.2,9.42,9.4,0.02,0.21,65098.89,60698.636
843,300093.SZ,20180319,9.5,9.55,9.16,9.4,9.55,-0.15,-1.57,88745.29,83110.811
844,300093.SZ,20180316,9.19,9.85,9.16,9.55,9.27,0.28,3.02,145803.38,139955.037
845,300093.SZ,20180315,9.15,9.41,9.06,9.27,9.21,0.06,0.65,91368.65,84359.568
846,300093.SZ,20180314,9.3,9.59,9.21,9.21,9.41,-0.2,-2.13,80566.0,75277.715
847,300093.SZ,20180313,9.28,9.59,9.15,9.41,9.4,0.01,0.11,120345.46,113313.361
848,300093.SZ,20180312,9.1,9.54,9.1,9.4,9.09,0.31,3.41,114314.03,107092.618
849,300093.SZ,20180309,8.85,9.22,8.75,9.09,8.83,0.26,2.94,105237.21,94856.93
850,300093.SZ,20180308,8.64,8.85,8.6,8.83,8.62,0.21,2.44,56946.03,49844.845
851,300093.SZ,20180307,8.77,8.88,8.62,8.62,8.78,-0.16,-1.82,46717.01,40663.645
852,300093.SZ,20180306,8.71,8.84,8.66,8.78,8.75,0.03,0.34,58980.98,51566.642
853,300093.SZ,20180305,8.74,8.8,8.4,8.75,8.78,-0.03,-0.34,71440.37,61672.297
854,300093.SZ,20180302,8.78,9.06,8.73,8.78,8.94,-0.16,-1.79,78330.89,69512.242
855,300093.SZ,20180301,8.76,8.96,8.65,8.94,8.95,-0.01,-0.11,102057.0,89920.687
856,300093.SZ,20180228,8.45,9.19,8.38,8.95,8.35,0.6,7.19,148254.72,130522.11
857,300093.SZ,20180227,8.26,8.59,8.26,8.35,8.27,0.08,0.97,73822.62,62116.086
858,300093.SZ,20180226,8.02,8.35,7.93,8.27,7.94,0.33,4.16,71995.86,58667.897
859,300093.SZ,20180223,7.92,8.04,7.86,7.94,7.94,0.0,0.0,44509.0,35353.536
860,300093.SZ,20180222,7.83,8.02,7.74,7.94,7.76,0.18,2.32,69906.12,55140.193
861,300093.SZ,20180214,8.05,8.07,7.6,7.76,8.0,-0.24,-3.0,89561.48,69886.833
862,300093.SZ,20180213,8.0,8.0,7.85,8.0,7.27,0.73,10.04,66363.06,53034.973
863,300093.SZ,20180206,7.93,8.04,7.27,7.27,8.08,-0.81,-10.02,85191.69,64614.872
864,300093.SZ,20180205,7.98,8.28,7.84,8.08,8.08,0.0,0.0,45426.01,36800.194
865,300093.SZ,20180202,8.05,8.18,7.82,8.08,8.12,-0.04,-0.49,69844.95,56152.278
866,300093.SZ,20180201,9.03,9.07,8.12,8.12,9.02,-0.9,-9.98,153012.19,128425.146
867,300093.SZ,20180131,9.87,9.98,9.02,9.02,10.02,-1.0,-9.98,82812.61,77506.648
868,300093.SZ,20180130,10.14,10.15,10.0,10.02,10.15,-0.13,-1.28,30771.05,30985.128
869,300093.SZ,20180129,10.45,10.48,10.06,10.15,10.43,-0.28,-2.68,43752.82,44693.179
870,300093.SZ,20180126,10.56,10.61,10.37,10.43,10.55,-0.12,-1.14,32784.68,34407.94
871,300093.SZ,20180125,10.5,10.73,10.48,10.55,10.59,-0.04,-0.38,43633.0,46381.507
872,300093.SZ,20180124,10.43,10.64,10.2,10.59,10.44,0.15,1.44,60544.29,63238.289
873,300093.SZ,20180123,10.43,10.54,10.34,10.44,10.48,-0.04,-0.38,29322.62,30558.559
874,300093.SZ,20180122,10.6,10.6,10.15,10.48,10.68,-0.2,-1.87,47997.61,49778.798
875,300093.SZ,20180119,10.86,10.96,10.67,10.68,10.82,-0.14,-1.29,29509.02,31927.328
876,300093.SZ,20180118,10.8,10.93,10.79,10.82,10.9,-0.08,-0.73,27974.0,30374.939
877,300093.SZ,20180117,10.95,10.98,10.61,10.9,10.89,0.01,0.09,58165.0,62728.259
878,300093.SZ,20180116,10.88,10.93,10.5,10.89,10.94,-0.05,-0.46,73739.01,78896.206
879,300093.SZ,20180115,11.14,11.14,10.77,10.94,11.2,-0.26,-2.32,41002.0,44791.478
880,300093.SZ,20180112,11.29,11.43,11.05,11.2,11.31,-0.11,-0.97,44912.15,50274.038
881,300093.SZ,20180111,11.65,11.65,11.31,11.31,11.48,-0.17,-1.48,57109.01,64854.236
882,300093.SZ,20180110,11.6,11.94,11.3,11.48,11.61,-0.13,-1.12,53757.01,62338.264
883,300093.SZ,20180109,11.57,11.68,11.39,11.61,11.54,0.07,0.61,29761.0,34321.262
884,300093.SZ,20180108,11.5,11.59,11.35,11.54,11.5,0.04,0.35,19458.0,22294.135
885,300093.SZ,20180105,11.68,11.68,11.45,11.5,11.67,-0.17,-1.46,18800.01,21674.3
886,300093.SZ,20180104,11.55,11.68,11.41,11.67,11.55,0.12,1.04,26133.31,30230.394
887,300093.SZ,20180103,11.36,11.74,11.3,11.55,11.35,0.2,1.76,37462.69,43124.727
888,300093.SZ,20180102,11.32,11.56,11.2,11.35,11.3,0.05,0.44,19740.63,22424.664
889,300093.SZ,20171229,11.07,11.38,11.06,11.3,11.15,0.15,1.35,37108.07,41562.14
890,300093.SZ,20171228,11.05,11.26,10.99,11.15,11.11,0.04,0.36,40510.11,45047.837
891,300093.SZ,20171227,11.13,11.18,10.85,11.11,11.2,-0.09,-0.8,43553.0,48143.371
892,300093.SZ,20171226,11.36,11.45,11.03,11.2,11.38,-0.18,-1.58,63654.34,70829.215
893,300093.SZ,20171225,11.38,11.47,10.76,11.38,11.39,-0.01,-0.09,50016.0,55346.553
894,300093.SZ,20171222,11.68,11.79,11.35,11.39,11.73,-0.34,-2.9,25193.3,29041.183
895,300093.SZ,20171221,11.86,11.88,11.52,11.73,11.88,-0.15,-1.26,13535.0,15857.141
896,300093.SZ,20171220,12.29,12.29,11.8,11.88,12.24,-0.36,-2.94,16071.0,19222.45
897,300093.SZ,20171219,12.23,12.52,12.17,12.24,12.22,0.02,0.16,21218.0,26106.603
898,300093.SZ,20171218,12.33,12.41,12.15,12.22,12.41,-0.19,-1.53,19100.06,23422.371
899,300093.SZ,20171215,12.1,12.54,11.94,12.41,12.07,0.34,2.82,27714.36,33817.071
900,300093.SZ,20171214,12.1,12.2,12.03,12.07,12.12,-0.05,-0.41,18628.0,22521.102
901,300093.SZ,20171213,12.12,12.15,11.95,12.12,12.13,-0.01,-0.08,14255.78,17192.743
902,300093.SZ,20171212,12.12,12.24,12.05,12.13,12.12,0.01,0.08,15633.78,19006.131
903,300093.SZ,20171211,12.01,12.22,11.86,12.12,12.01,0.11,0.92,15697.0,19004.924
904,300093.SZ,20171208,11.85,12.15,11.83,12.01,11.82,0.19,1.61,19626.78,23618.386
905,300093.SZ,20171207,11.91,11.99,11.81,11.82,11.97,-0.15,-1.25,12242.89,14570.999
906,300093.SZ,20171206,11.63,11.98,11.6,11.97,11.65,0.32,2.75,19872.0,23457.21
907,300093.SZ,20171205,12.1,12.2,11.63,11.65,12.17,-0.52,-4.27,16681.06,19832.872
908,300093.SZ,20171204,12.37,12.43,11.88,12.17,12.46,-0.29,-2.33,24796.06,30238.892
909,300093.SZ,20171201,12.3,12.5,12.18,12.46,12.34,0.12,0.97,22596.07,27951.826
910,300093.SZ,20171130,12.33,12.48,12.15,12.34,12.31,0.03,0.24,25644.85,31469.661
911,300093.SZ,20171129,12.22,12.43,12.09,12.31,12.1,0.21,1.74,34398.85,42271.324
912,300093.SZ,20171128,11.75,12.18,11.72,12.1,11.8,0.3,2.54,21617.0,25910.099
913,300093.SZ,20171127,12.15,12.3,11.78,11.8,12.15,-0.35,-2.88,24276.0,29071.835
914,300093.SZ,20171124,11.6,12.5,11.33,12.15,11.54,0.61,5.29,54410.42,64246.036
915,300093.SZ,20171123,12.4,12.4,11.54,11.54,12.32,-0.78,-6.33,35431.63,42449.031
916,300093.SZ,20171122,12.68,12.68,12.27,12.32,12.56,-0.24,-1.91,22337.1,27768.75
917,300093.SZ,20171121,12.19,12.7,12.03,12.56,12.35,0.21,1.7,70705.84,87408.829
918,300093.SZ,20171120,13.13,13.13,11.81,12.35,13.12,-0.77,-5.87,80160.82,97661.853
919,300093.SZ,20171117,14.36,14.6,13.12,13.12,14.5,-1.38,-9.52,41667.03,57875.561
920,300093.SZ,20171116,14.57,14.82,14.25,14.5,14.55,-0.05,-0.34,53018.11,76758.38
921,300093.SZ,20171115,14.52,14.62,14.25,14.55,14.6,-0.05,-0.34,25498.37,36833.794
922,300093.SZ,20171114,14.6,14.68,14.2,14.6,14.62,-0.02,-0.14,35106.09,50696.291
923,300093.SZ,20171113,14.18,14.65,14.1,14.62,14.18,0.44,3.1,58232.82,83742.713
924,300093.SZ,20171110,14.19,14.32,13.8,14.18,14.13,0.05,0.35,37411.44,52812.878
925,300093.SZ,20171109,14.36,14.39,14.13,14.13,14.45,-0.32,-2.21,41946.1,59675.618
926,300093.SZ,20171108,14.29,14.66,14.16,14.45,14.36,0.09,0.63,43084.5,61892.809
927,300093.SZ,20171107,14.49,14.69,14.18,14.36,14.5,-0.14,-0.97,22650.0,32474.976
928,300093.SZ,20171106,14.12,14.65,14.07,14.5,14.33,0.17,1.19,25711.41,36742.072
929,300093.SZ,20171103,14.1,14.37,14.1,14.33,14.2,0.13,0.92,20943.41,29778.983
930,300093.SZ,20171102,13.99,14.34,13.97,14.2,13.98,0.22,1.57,40209.74,56912.819
931,300093.SZ,20171101,14.19,14.24,13.9,13.98,14.1,-0.12,-0.85,19123.0,26981.522
932,300093.SZ,20171031,13.95,14.2,13.92,14.1,14.1,0.0,0.0,19806.72,27856.669
933,300093.SZ,20171030,14.83,14.83,13.86,14.1,14.82,-0.72,-4.86,44225.21,62514.858
934,300093.SZ,20171027,15.2,15.3,14.8,14.82,15.17,-0.35,-2.31,32422.29,48596.455
935,300093.SZ,20171026,14.72,15.65,14.5,15.17,14.72,0.45,3.06,52670.74,79210.221
936,300093.SZ,20171025,14.5,14.74,14.5,14.72,14.57,0.15,1.03,19886.01,29103.568
937,300093.SZ,20171024,14.73,14.74,14.48,14.57,14.72,-0.15,-1.02,21435.0,31322.794
938,300093.SZ,20171023,14.55,14.78,14.55,14.72,14.64,0.08,0.55,25674.46,37614.73
939,300093.SZ,20171020,14.5,14.69,14.4,14.64,14.53,0.11,0.76,16094.38,23478.553
940,300093.SZ,20171019,14.78,14.99,14.53,14.53,14.76,-0.23,-1.56,20490.01,30117.709
941,300093.SZ,20171018,15.2,15.29,14.65,14.76,15.16,-0.4,-2.64,24650.0,36808.706
942,300093.SZ,20171017,15.02,15.33,14.73,15.16,15.17,-0.01,-0.07,20722.0,31365.876
943,300093.SZ,20171016,15.54,15.68,14.9,15.17,15.57,-0.4,-2.57,38190.37,58856.152
944,300093.SZ,20171013,15.58,15.66,15.42,15.57,15.49,0.08,0.52,21095.21,32768.098
945,300093.SZ,20171012,15.64,15.76,15.3,15.49,15.69,-0.2,-1.27,28855.37,44733.613
946,300093.SZ,20171011,15.56,15.89,15.52,15.69,15.61,0.08,0.51,32130.82,50442.339
947,300093.SZ,20171010,15.5,15.64,15.31,15.61,15.46,0.15,0.97,30572.01,47455.688
948,300093.SZ,20171009,15.32,15.78,15.32,15.46,15.3,0.16,1.05,39137.87,60742.245
949,300093.SZ,20170929,14.6,15.37,14.6,15.3,14.6,0.7,4.79,42456.69,63879.449
950,300093.SZ,20170928,14.9,14.93,14.5,14.6,14.92,-0.32,-2.14,28951.0,42520.153
951,300093.SZ,20170927,14.78,15.03,14.78,14.92,14.78,0.14,0.95,19602.54,29201.641
952,300093.SZ,20170926,15.34,15.39,14.65,14.78,15.33,-0.55,-3.59,42302.85,63148.786
953,300093.SZ,20170925,15.52,15.69,15.31,15.33,15.59,-0.26,-1.67,24207.78,37512.604
954,300093.SZ,20170922,15.51,15.64,15.35,15.59,15.5,0.09,0.58,23093.01,35810.117
955,300093.SZ,20170921,15.5,15.94,15.5,15.5,15.75,-0.25,-1.59,36013.79,56803.48
956,300093.SZ,20170920,15.61,15.83,15.53,15.75,15.69,0.06,0.38,32249.66,50603.465
957,300093.SZ,20170919,16.2,16.31,15.69,15.69,16.2,-0.51,-3.15,38978.81,62197.158
958,300093.SZ,20170918,16.25,16.39,16.06,16.2,16.2,0.0,0.0,27191.79,44103.098
959,300093.SZ,20170915,16.1,16.41,15.9,16.2,16.1,0.1,0.62,34200.6,55294.218
960,300093.SZ,20170914,16.33,16.54,16.02,16.1,16.36,-0.26,-1.59,39888.74,64631.416
961,300093.SZ,20170913,16.49,16.59,16.26,16.36,16.53,-0.17,-1.03,37517.02,61337.456
962,300093.SZ,20170912,16.69,16.98,16.45,16.53,16.61,-0.08,-0.48,56058.85,93337.086
963,300093.SZ,20170911,16.4,16.97,16.4,16.61,16.66,-0.05,-0.3,49108.02,81888.119
964,300093.SZ,20170908,16.42,16.68,16.32,16.66,16.65,0.01,0.06,68691.68,113395.085
965,300093.SZ,20170907,15.94,17.29,15.82,16.65,15.95,0.7,4.39,128559.39,214625.757
966,300093.SZ,20170906,15.84,15.99,15.5,15.95,16.02,-0.07,-0.44,39356.67,62043.293
967,300093.SZ,20170905,15.84,16.19,15.8,16.02,15.94,0.08,0.5,49468.32,79415.764
968,300093.SZ,20170904,15.78,16.08,15.67,15.94,15.85,0.09,0.57,45203.95,71927.354
969,300093.SZ,20170901,15.54,15.85,15.37,15.85,15.39,0.46,2.99,42530.63,66429.612
970,300093.SZ,20170831,15.75,15.75,15.35,15.39,15.6,-0.21,-1.35,35082.83,54194.388
971,300093.SZ,20170830,15.6,15.78,15.56,15.6,15.66,-0.06,-0.38,25390.12,39757.125
972,300093.SZ,20170829,15.92,16.08,15.6,15.66,15.98,-0.32,-2.0,31721.53,49971.766
973,300093.SZ,20170828,15.61,16.08,15.61,15.98,15.64,0.34,2.17,33820.41,53643.753
974,300093.SZ,20170825,15.4,15.67,15.33,15.64,15.37,0.27,1.76,26000.73,40379.278
975,300093.SZ,20170824,15.75,15.93,15.2,15.37,15.9,-0.53,-3.33,43534.13,67903.694
976,300093.SZ,20170823,16.1,16.24,15.81,15.9,16.14,-0.24,-1.49,35037.23,56016.56
977,300093.SZ,20170822,16.58,16.63,16.14,16.14,16.58,-0.44,-2.65,42784.0,69777.174
978,300093.SZ,20170821,16.56,16.58,16.38,16.58,16.43,0.15,0.91,31144.94,51306.293
979,300093.SZ,20170818,16.62,16.8,16.29,16.43,16.89,-0.46,-2.72,57028.79,94036.272
980,300093.SZ,20170817,16.58,17.37,16.49,16.89,16.79,0.1,0.6,90065.05,153045.784
981,300093.SZ,20170816,16.46,16.93,16.12,16.79,16.53,0.26,1.57,65772.67,108877.058
982,300093.SZ,20170815,17.0,17.03,16.48,16.53,16.85,-0.32,-1.9,51980.19,86789.167
983,300093.SZ,20170814,16.3,16.87,16.2,16.85,16.24,0.61,3.76,50051.55,82982.322
984,300093.SZ,20170811,16.09,16.41,16.05,16.24,16.46,-0.22,-1.34,43761.05,70938.412
985,300093.SZ,20170810,17.0,17.13,16.41,16.46,17.14,-0.68,-3.97,69687.44,116175.647
986,300093.SZ,20170809,17.13,17.56,17.03,17.14,17.28,-0.14,-0.81,93090.98,160932.176
987,300093.SZ,20170808,16.4,17.39,16.18,17.28,16.42,0.86,5.24,94060.85,157647.117
988,300093.SZ,20170807,16.15,16.57,16.15,16.42,16.35,0.07,0.43,40134.97,65834.599
989,300093.SZ,20170804,16.66,16.85,16.18,16.35,16.5,-0.15,-0.91,52146.0,85556.778
990,300093.SZ,20170803,16.48,16.99,16.4,16.5,16.48,0.02,0.12,57273.37,95667.385
991,300093.SZ,20170802,17.13,17.36,16.36,16.48,17.2,-0.72,-4.19,78351.02,131346.374
992,300093.SZ,20170801,17.58,17.6,17.14,17.2,17.68,-0.48,-2.71,79414.2,137689.177
993,300093.SZ,20170731,17.0,17.77,16.47,17.68,17.09,0.59,3.45,120379.35,206488.489
994,300093.SZ,20170728,17.08,17.94,17.07,17.09,17.31,-0.22,-1.27,123472.08,215152.203
995,300093.SZ,20170727,16.47,17.55,16.28,17.31,16.73,0.58,3.47,146290.52,249045.944
996,300093.SZ,20170726,16.7,16.9,16.25,16.73,16.88,-0.15,-0.89,98744.28,162872.952
997,300093.SZ,20170725,16.4,17.98,16.11,16.88,16.54,0.34,2.06,177304.68,302376.316
998,300093.SZ,20170724,16.31,16.83,16.02,16.54,16.4,0.14,0.85,107550.1,176725.287
999,300093.SZ,20170721,16.55,16.64,16.21,16.4,16.67,-0.27,-1.62,104231.74,170596.41
1000,300093.SZ,20170720,16.97,16.97,16.35,16.67,16.95,-0.28,-1.65,173353.76,288611.765
1001,300093.SZ,20170719,16.14,16.95,15.78,16.95,15.41,1.54,9.99,214503.81,352379.97
1002,300093.SZ,20170718,14.14,15.41,14.05,15.41,14.01,1.4,9.99,83859.74,123697.755
1003,300093.SZ,20170717,15.07,15.18,13.72,14.01,15.23,-1.22,-8.01,88354.66,127704.8
1004,300093.SZ,20170714,15.46,15.5,15.05,15.23,15.78,-0.55,-3.49,95076.49,145179.725
1005,300093.SZ,20170713,15.5,16.16,15.15,15.78,14.8,0.98,6.62,175540.32,275556.939
1006,300093.SZ,20170712,13.9,14.8,13.9,14.8,13.45,1.35,10.04,93660.08,134762.935
1007,300093.SZ,20170711,13.85,13.94,13.42,13.45,13.9,-0.45,-3.24,25949.0,35687.518
1008,300093.SZ,20170710,14.3,14.42,13.88,13.9,14.28,-0.38,-2.66,35668.01,50257.53
1009,300093.SZ,20170707,14.16,14.36,14.1,14.28,14.1,0.18,1.28,25331.54,36117.866
1010,300093.SZ,20170706,14.32,14.43,14.0,14.1,14.37,-0.27,-1.88,33046.72,46971.673
1011,300093.SZ,20170705,14.39,14.41,14.12,14.37,14.35,0.02,0.14,25975.94,37056.771
1012,300093.SZ,20170704,14.55,14.59,14.32,14.35,14.49,-0.14,-0.97,17035.44,24558.821
1013,300093.SZ,20170703,14.4,14.5,14.27,14.49,14.33,0.16,1.12,19684.45,28395.778
1014,300093.SZ,20170630,14.44,14.45,14.16,14.33,14.35,-0.02,-0.14,20637.63,29533.062
1015,300093.SZ,20170629,14.3,14.45,14.1,14.35,14.32,0.03,0.21,22358.73,32053.911
1016,300093.SZ,20170628,14.56,14.8,14.22,14.32,14.7,-0.38,-2.59,28929.44,41925.334
1017,300093.SZ,20170627,14.78,15.08,14.5,14.7,14.7,0.0,0.0,31282.31,46276.936
1018,300093.SZ,20170626,14.6,14.78,14.5,14.7,14.52,0.18,1.24,40711.57,59513.741
1019,300093.SZ,20170623,14.98,14.98,14.31,14.52,14.84,-0.32,-2.16,28871.57,42164.975
1020,300093.SZ,20170622,15.49,15.69,14.6,14.84,15.46,-0.62,-4.01,26804.25,41141.86
1021,300093.SZ,20170621,15.3,15.49,15.26,15.46,15.3,0.16,1.05,14393.25,22105.495
1022,300093.SZ,20170620,15.69,15.96,15.26,15.3,15.57,-0.27,-1.73,26624.95,41731.181
1023,300093.SZ,20170619,15.35,15.63,15.2,15.57,15.35,0.22,1.43,21339.92,33044.849
1024,300093.SZ,20170616,15.4,15.45,15.16,15.35,15.35,0.0,0.0,16540.0,25337.457
1025,300093.SZ,20170615,15.14,15.51,15.02,15.35,15.16,0.19,1.25,31465.53,48289.258
1026,300093.SZ,20170614,14.88,15.24,14.84,15.16,14.88,0.28,1.88,15255.0,23052.129
1027,300093.SZ,20170613,14.48,15.1,14.25,14.88,14.57,0.31,2.13,16418.29,24386.47
1028,300093.SZ,20170612,15.45,15.51,14.51,14.57,15.36,-0.79,-5.14,21278.37,32068.184
1029,300093.SZ,20170609,15.3,15.39,14.95,15.36,15.38,-0.02,-0.13,21503.0,32696.32
1030,300093.SZ,20170608,15.66,15.66,15.22,15.38,15.6,-0.22,-1.41,23795.02,36602.52
1031,300093.SZ,20170607,15.27,15.68,15.12,15.6,15.23,0.37,2.43,16315.75,25301.513
1032,300093.SZ,20170606,14.95,15.37,14.72,15.23,14.98,0.25,1.67,25992.73,39148.196
1033,300093.SZ,20170605,14.65,15.1,14.33,14.98,14.73,0.25,1.7,33526.68,49157.513
1034,300093.SZ,20170602,15.06,15.44,13.71,14.73,15.23,-0.5,-3.28,48878.16,70798.864
1035,300093.SZ,20170601,16.59,16.62,15.2,15.23,16.61,-1.38,-8.31,38443.97,61110.241
1036,300093.SZ,20170531,16.99,17.4,16.35,16.61,16.99,-0.38,-2.24,19623.6,33367.864
1037,300093.SZ,20170526,16.7,17.2,16.63,16.99,16.69,0.3,1.8,18147.26,30698.639
1038,300093.SZ,20170525,16.59,16.81,16.23,16.69,16.65,0.04,0.24,18025.05,29891.585
1039,300093.SZ,20170524,16.12,16.69,16.0,16.65,16.36,0.29,1.77,15938.85,26074.188
1040,300093.SZ,20170523,16.89,17.2,16.1,16.36,16.87,-0.51,-3.02,28373.61,47319.299
1041,300093.SZ,20170522,18.0,18.08,16.81,16.87,17.87,-1.0,-5.6,33097.26,57385.281
1042,300093.SZ,20170519,17.9,18.1,17.7,17.87,18.03,-0.16,-0.89,19825.79,35392.419
1043,300093.SZ,20170518,17.48,18.13,17.47,18.03,17.84,0.19,1.07,34922.34,62360.856
1044,300093.SZ,20170517,16.98,18.29,16.98,17.84,16.97,0.87,5.13,45862.48,81609.113
1045,300093.SZ,20170516,16.32,17.35,16.32,16.97,16.36,0.61,3.73,40108.22,67389.771
1046,300093.SZ,20170515,16.35,16.68,16.04,16.36,16.22,0.14,0.86,27837.34,45934.76
1047,300093.SZ,20170512,16.44,16.67,16.2,16.22,16.65,-0.43,-2.58,17073.34,27955.712
1048,300093.SZ,20170511,16.78,17.14,16.03,16.65,17.38,-0.73,-4.2,28521.05,47367.429
1049,300093.SZ,20170510,17.2,17.74,17.2,17.38,17.38,0.0,0.0,12117.3,21219.161
1050,300093.SZ,20170509,17.72,17.72,16.6,17.38,17.8,-0.42,-2.36,22382.59,38381.519
1051,300093.SZ,20170508,18.1,18.32,17.4,17.8,18.29,-0.49,-2.68,25190.03,45020.348
1052,300093.SZ,20170505,18.4,18.62,18.2,18.29,18.62,-0.33,-1.77,32505.53,59615.748
1053,300093.SZ,20170504,18.82,18.84,18.51,18.62,18.66,-0.04,-0.21,13583.78,25371.028
1054,300093.SZ,20170503,18.74,18.87,18.48,18.66,18.69,-0.03,-0.16,19367.44,36220.593
1055,300093.SZ,20170502,19.14,19.14,18.61,18.69,18.88,-0.19,-1.01,20281.33,38056.896
1056,300093.SZ,20170428,18.7,19.16,18.62,18.88,18.82,0.06,0.32,19636.0,37036.465
1057,300093.SZ,20170427,19.29,19.29,18.29,18.82,18.3,0.52,2.84,33125.34,61779.695
1058,300093.SZ,20170426,18.52,18.77,18.16,18.3,18.62,-0.32,-1.72,18019.1,33154.816
1059,300093.SZ,20170425,18.8,18.8,18.11,18.62,18.24,0.38,2.08,27294.11,50517.456
1060,300093.SZ,20170424,19.17,19.17,18.23,18.24,19.28,-1.04,-5.39,26197.6,48710.867
1061,300093.SZ,20170421,18.9,19.6,18.7,19.28,19.2,0.08,0.42,22418.57,43052.232
1062,300093.SZ,20170420,19.4,19.46,18.42,19.2,19.81,-0.61,-3.08,41233.3,78480.167
1063,300093.SZ,20170419,19.91,20.3,18.0,19.81,19.9,-0.09,-0.45,67876.19,128662.861
1064,300093.SZ,20170418,19.51,20.41,19.51,19.9,19.85,0.05,0.25,24876.02,49741.496
1065,300093.SZ,20170417,19.92,22.08,19.85,19.85,22.06,-2.21,-10.02,77966.84,157732.131
1066,300093.SZ,20170414,22.25,22.41,22.02,22.06,22.32,-0.26,-1.16,23634.31,52248.106
1067,300093.SZ,20170413,22.59,22.59,22.15,22.32,22.55,-0.23,-1.02,16403.51,36622.843
1068,300093.SZ,20170412,22.6,22.75,22.07,22.55,22.65,-0.1,-0.44,26420.57,59014.727
1069,300093.SZ,20170411,22.4,22.97,22.01,22.65,22.82,-0.17,-0.75,30445.48,68359.886
1070,300093.SZ,20170410,23.26,23.38,22.76,22.82,23.26,-0.44,-1.89,24472.91,56218.508
1071,300093.SZ,20170407,22.9,23.84,22.75,23.26,22.86,0.4,1.75,41995.24,98142.811
1072,300093.SZ,20170406,22.5,22.96,22.37,22.86,22.46,0.4,1.78,29602.61,67306.252
1073,300093.SZ,20170405,22.2,22.69,22.03,22.46,22.12,0.34,1.54,23305.47,52275.977
1074,300093.SZ,20170331,22.15,22.29,21.8,22.12,22.06,0.06,0.27,19649.14,43322.031
1075,300093.SZ,20170330,22.5,22.78,21.88,22.06,22.62,-0.56,-2.48,26916.14,60117.996
1076,300093.SZ,20170329,23.31,23.48,22.62,22.62,23.31,-0.69,-2.96,27705.4,64142.937
1077,300093.SZ,20170328,23.12,23.46,23.12,23.31,23.21,0.1,0.43,29773.53,69314.529
1078,300093.SZ,20170327,24.09,24.15,23.18,23.21,24.03,-0.82,-3.41,42420.48,99821.687
1079,300093.SZ,20170324,24.03,24.05,23.8,24.03,24.04,-0.01,-0.04,25989.76,62207.667
1080,300093.SZ,20170323,23.91,24.33,23.68,24.04,23.9,0.14,0.59,53086.0,127922.495
1081,300093.SZ,20170322,24.27,24.37,23.83,23.9,24.25,-0.35,-1.44,31702.43,75932.526
1082,300093.SZ,20170321,24.36,24.55,24.01,24.25,24.39,-0.14,-0.57,39794.36,96584.044
1083,300093.SZ,20170320,23.6,24.49,23.51,24.39,23.95,0.44,1.84,50442.43,121619.518
1084,300093.SZ,20170317,24.13,24.3,23.75,23.95,24.01,-0.06,-0.25,34066.33,81913.902
1085,300093.SZ,20170316,24.0,24.15,23.85,24.01,23.99,0.02,0.08,25594.21,61410.682
1086,300093.SZ,20170315,23.65,24.1,23.45,23.99,23.7,0.29,1.22,30360.96,72600.502
1087,300093.SZ,20170314,23.63,24.13,23.6,23.7,23.73,-0.03,-0.13,29539.09,70363.801
1088,300093.SZ,20170313,23.6,23.95,23.33,23.73,23.67,0.06,0.25,27944.88,66215.802
1089,300093.SZ,20170310,23.0,24.0,22.9,23.67,23.08,0.59,2.56,53985.59,126529.132
1090,300093.SZ,20170309,22.7,23.18,22.12,23.08,22.63,0.45,1.99,37695.12,85743.535
1091,300093.SZ,20170308,22.9,22.96,22.54,22.63,22.91,-0.28,-1.22,21861.35,49585.436
1092,300093.SZ,20170307,22.8,23.2,22.72,22.91,22.86,0.05,0.22,20469.91,46988.476
1093,300093.SZ,20170306,22.85,22.93,22.55,22.86,22.85,0.01,0.04,26539.58,60357.238
1094,300093.SZ,20170303,23.0,23.13,22.69,22.85,23.06,-0.21,-0.91,19072.75,43548.701
1095,300093.SZ,20170302,22.7,23.37,22.6,23.06,22.76,0.3,1.32,40143.02,92737.53
1096,300093.SZ,20170301,22.45,22.99,22.45,22.76,22.45,0.31,1.38,51267.46,116969.151
1097,300093.SZ,20170228,22.2,22.69,22.0,22.45,22.34,0.11,0.49,27588.77,61991.703
1098,300093.SZ,20170227,22.62,22.65,22.25,22.34,22.5,-0.16,-0.71,20370.63,45681.398
1099,300093.SZ,20170224,21.92,22.96,21.8,22.5,22.25,0.25,1.12,47376.54,106287.767
1100,300093.SZ,20170223,21.85,22.98,21.8,22.25,21.83,0.42,1.92,61965.81,138933.608
1101,300093.SZ,20170222,21.96,22.21,21.58,21.83,21.8,0.03,0.14,26781.7,58467.861
1102,300093.SZ,20170221,21.43,21.99,21.42,21.8,21.43,0.37,1.73,25753.1,56129.065
1103,300093.SZ,20170220,21.6,21.84,21.06,21.43,21.65,-0.22,-1.02,21934.08,46917.905
1104,300093.SZ,20170217,22.19,22.2,21.59,21.65,22.08,-0.43,-1.95,20251.57,44121.285
1105,300093.SZ,20170216,21.95,22.46,21.95,22.08,21.95,0.13,0.59,20895.16,46334.964
1106,300093.SZ,20170215,21.96,22.3,21.93,21.95,22.02,-0.07,-0.32,21047.21,46544.121
1107,300093.SZ,20170214,22.2,22.25,21.88,22.02,22.2,-0.18,-0.81,23959.61,52728.959
1108,300093.SZ,20170213,22.45,22.56,21.89,22.2,22.64,-0.44,-1.94,32856.37,72678.135
1109,300093.SZ,20170210,22.41,22.99,22.11,22.64,22.39,0.25,1.12,38271.02,86198.204
1110,300093.SZ,20170209,22.64,22.64,22.25,22.39,22.43,-0.04,-0.18,19015.19,42538.126
1111,300093.SZ,20170208,22.29,22.59,22.1,22.43,22.22,0.21,0.95,12281.75,27361.846
1112,300093.SZ,20170207,22.2,22.43,22.04,22.22,22.3,-0.08,-0.36,13637.2,30289.621
1113,300093.SZ,20170206,21.8,22.64,21.75,22.3,21.79,0.51,2.34,29964.62,66749.899
1114,300093.SZ,20170203,21.62,22.09,21.61,21.79,21.59,0.2,0.93,13828.12,30230.398
1115,300093.SZ,20170126,21.38,21.68,21.26,21.59,21.21,0.38,1.79,17207.92,37066.721
1116,300093.SZ,20170125,21.76,21.94,21.16,21.21,21.75,-0.54,-2.48,26901.0,57658.047
1117,300093.SZ,20170124,22.12,22.22,21.75,21.75,22.3,-0.55,-2.47,15802.0,34720.619
1118,300093.SZ,20170123,22.2,22.39,21.81,22.3,22.05,0.25,1.13,25331.92,56005.4
1119,300093.SZ,20170120,21.6,22.18,21.46,22.05,21.48,0.57,2.65,24434.62,53541.692
1120,300093.SZ,20170119,21.36,21.76,21.07,21.48,21.5,-0.02,-0.09,21234.57,45531.302
1121,300093.SZ,20170118,21.7,21.91,21.38,21.5,21.92,-0.42,-1.92,22102.61,47790.871
1122,300093.SZ,20170117,21.35,22.4,20.88,21.92,21.96,-0.04,-0.18,47245.11,102758.818
1123,300093.SZ,20170116,24.26,24.4,21.96,21.96,24.4,-2.44,-10.0,66192.71,150974.566
1124,300093.SZ,20170113,24.3,25.09,24.11,24.4,24.33,0.07,0.29,45852.53,112664.034
1125,300093.SZ,20170112,23.9,24.7,23.88,24.33,24.02,0.31,1.29,61762.34,150485.761
1126,300093.SZ,20170111,23.89,24.18,23.81,24.02,23.96,0.06,0.25,31560.71,75773.979
1127,300093.SZ,20170110,23.52,24.35,23.4,23.96,23.52,0.44,1.87,51612.38,123973.851
1128,300093.SZ,20170109,23.72,24.29,23.5,23.52,23.91,-0.39,-1.63,38599.82,92153.077
1129,300093.SZ,20170106,23.89,24.38,23.7,23.91,24.04,-0.13,-0.54,61799.81,148465.673
1130,300093.SZ,20170105,23.56,24.38,23.38,24.04,23.55,0.49,2.08,79733.65,190467.043
1131,300093.SZ,20170104,24.25,24.25,23.13,23.55,23.97,-0.42,-1.75,73776.7,174278.33
1132,300093.SZ,20170103,24.5,24.75,22.0,23.97,24.41,-0.44,-1.8,82316.93,196693.978
1133,300093.SZ,20161230,22.84,25.26,22.52,24.41,22.96,1.45,6.32,128912.52,308789.064
1134,300093.SZ,20161229,24.5,24.5,22.83,22.96,25.37,-2.41,-9.5,163668.44,379311.62
1135,300093.SZ,20161123,26.7,26.78,25.21,25.37,26.48,-1.11,-4.19,83082.01,214632.046
1136,300093.SZ,20161122,26.58,26.8,26.12,26.48,26.36,0.12,0.46,65601.17,173206.007
1137,300093.SZ,20161121,27.0,27.0,26.25,26.36,26.65,-0.29,-1.09,93877.69,250506.493
1138,300093.SZ,20161118,25.98,26.83,25.97,26.65,26.11,0.54,2.07,101399.31,268733.172
1139,300093.SZ,20161117,26.21,26.52,25.74,26.11,26.28,-0.17,-0.65,72595.58,190472.937
1140,300093.SZ,20161116,25.1,26.45,24.91,26.28,25.07,1.21,4.83,112541.27,290705.428
1141,300093.SZ,20161115,24.28,25.09,24.11,25.07,24.4,0.67,2.75,85543.94,210555.911
1142,300093.SZ,20161114,24.6,25.1,24.24,24.4,24.72,-0.32,-1.29,56053.85,137962.063
1143,300093.SZ,20161111,24.75,25.38,24.62,24.72,24.7,0.02,0.08,55199.58,137788.755
1144,300093.SZ,20161110,24.64,24.95,24.43,24.7,24.56,0.14,0.57,67488.64,166843.456
1145,300093.SZ,20161109,24.71,25.0,23.8,24.56,24.85,-0.29,-1.17,60658.24,148371.22
1146,300093.SZ,20161108,25.0,25.19,24.17,24.85,25.07,-0.22,-0.88,77920.33,192285.561
1147,300093.SZ,20161107,25.85,25.95,24.98,25.07,25.78,-0.71,-2.75,56220.51,143130.282
1148,300093.SZ,20161104,25.08,26.14,25.08,25.78,25.27,0.51,2.02,64762.42,166877.427
1149,300093.SZ,20161103,25.33,25.6,24.8,25.27,25.4,-0.13,-0.51,77049.79,194323.045
1150,300093.SZ,20161102,25.1,25.77,24.85,25.4,25.1,0.3,1.2,84161.33,213930.43
1151,300093.SZ,20161101,23.8,25.97,23.8,25.1,23.8,1.3,5.46,105657.22,263090.059
1152,300093.SZ,20161031,23.38,24.09,23.36,23.8,23.58,0.22,0.93,60175.37,143335.611
1153,300093.SZ,20161028,23.48,23.85,23.33,23.58,23.72,-0.14,-0.59,55133.38,130081.7473
1154,300093.SZ,20161027,23.79,24.19,23.52,23.72,23.88,-0.16,-0.67,72337.06,172359.6951
1155,300093.SZ,20161026,22.7,23.93,22.67,23.88,22.86,1.02,4.46,126410.37,297125.3604
1156,300093.SZ,20161025,22.49,22.9,22.17,22.86,22.37,0.49,2.19,65046.81,146909.0878
1157,300093.SZ,20161024,22.41,22.6,22.28,22.37,22.26,0.11,0.49,43986.0,98639.821
1158,300093.SZ,20161021,22.2,22.71,22.19,22.26,22.24,0.02,0.09,42282.22,94671.5132
1159,300093.SZ,20161020,22.26,22.5,22.01,22.24,22.28,-0.04,-0.18,76278.27,169662.1045
1160,300093.SZ,20161019,21.52,22.56,21.48,22.28,21.57,0.71,3.29,87006.4,192190.4681
1161,300093.SZ,20161018,21.1,21.65,21.04,21.57,21.15,0.42,1.99,55443.12,118964.2491
1162,300093.SZ,20161017,21.42,21.65,21.04,21.15,21.36,-0.21,-0.98,32218.03,68977.9693
1163,300093.SZ,20161014,21.29,21.45,21.25,21.36,21.29,0.07,0.33,25918.71,55340.9396
1164,300093.SZ,20161013,21.36,21.52,21.21,21.29,21.36,-0.07,-0.33,32770.28,69950.6716
1165,300093.SZ,20161012,21.25,21.57,21.17,21.36,21.14,0.22,1.04,44546.5,95311.9603
1166,300093.SZ,20161011,21.16,21.25,20.96,21.14,21.16,-0.02,-0.09,32990.18,69567.7599
1167,300093.SZ,20161010,20.78,21.2,20.6,21.16,20.5,0.66,3.22,43654.99,91368.9931
1168,300093.SZ,20160930,20.67,20.92,20.39,20.5,20.71,-0.21,-1.01,27666.16,56951.8397
1169,300093.SZ,20160929,20.78,20.99,20.64,20.71,20.61,0.1,0.49,29741.12,61989.8181
1170,300093.SZ,20160928,20.96,20.96,20.6,20.61,20.79,-0.18,-0.87,22622.91,46894.2982
1171,300093.SZ,20160927,20.17,20.87,20.17,20.79,20.25,0.54,2.67,34801.22,71600.3377
1172,300093.SZ,20160926,20.63,20.87,20.21,20.25,20.65,-0.4,-1.94,33082.01,68186.1479
1173,300093.SZ,20160923,20.96,21.01,20.5,20.65,20.82,-0.17,-0.82,25118.37,51953.7511
1174,300093.SZ,20160922,21.03,21.22,20.81,20.82,20.91,-0.09,-0.43,26705.13,55894.9097
1175,300093.SZ,20160921,20.72,21.27,20.72,20.91,20.84,0.07,0.34,20829.44,43780.9828
1176,300093.SZ,20160920,20.51,21.07,20.51,20.84,20.57,0.27,1.31,32997.18,68824.466
1177,300093.SZ,20160919,20.45,20.95,20.42,20.57,20.5,0.07,0.34,23692.43,48998.4887
1178,300093.SZ,20160914,20.13,20.59,20.13,20.5,20.5,0.0,0.0,27877.48,56959.2906
1179,300093.SZ,20160913,20.75,20.99,20.0,20.5,20.7,-0.2,-0.97,52282.03,106960.9778
1180,300093.SZ,20160912,20.95,21.24,20.6,20.7,21.5,-0.8,-3.72,41025.99,85814.3586
1181,300093.SZ,20160909,22.01,22.02,21.49,21.5,21.93,-0.43,-1.96,34004.88,73950.5373
1182,300093.SZ,20160908,21.97,22.14,21.72,21.93,21.9,0.03,0.14,44456.41,97264.4085
1183,300093.SZ,20160907,21.79,21.97,21.79,21.9,21.8,0.1,0.46,54643.67,119589.1347
1184,300093.SZ,20160906,21.83,21.88,21.03,21.8,21.86,-0.06,-0.27,65730.15,141141.309
1185,300093.SZ,20160905,21.69,21.86,21.69,21.86,21.66,0.2,0.92,35210.94,76695.475
1186,300093.SZ,20160902,21.72,21.88,21.51,21.66,21.66,0.0,0.0,41222.12,89632.9882
1187,300093.SZ,20160901,21.65,21.88,21.61,21.66,21.6,0.06,0.28,42932.59,93378.6097
1188,300093.SZ,20160831,21.58,21.72,21.33,21.6,21.54,0.06,0.28,43268.32,93156.8949
1189,300093.SZ,20160830,21.51,21.77,21.51,21.54,21.57,-0.03,-0.14,31451.82,68009.6459
1190,300093.SZ,20160829,21.65,21.89,21.53,21.57,21.7,-0.13,-0.6,29490.1,63850.8222
1191,300093.SZ,20160826,21.42,21.93,21.39,21.7,21.54,0.16,0.74,52501.22,113974.7943
1192,300093.SZ,20160825,21.68,21.79,21.31,21.54,21.86,-0.32,-1.46,38092.19,81760.8848
1193,300093.SZ,20160824,21.64,22.14,21.64,21.86,21.69,0.17,0.78,42898.9,94041.7496
1194,300093.SZ,20160823,21.7,21.95,21.56,21.69,21.6,0.09,0.42,35696.03,77750.8932
1195,300093.SZ,20160822,22.13,22.27,21.55,21.6,22.13,-0.53,-2.39,57814.6,126029.953
1196,300093.SZ,20160819,22.15,22.54,22.06,22.13,22.32,-0.19,-0.85,44798.31,99652.4081
1197,300093.SZ,20160818,22.44,22.95,22.25,22.32,22.63,-0.31,-1.37,69524.15,156445.7494
1198,300093.SZ,20160817,22.05,22.82,21.97,22.63,22.16,0.47,2.12,81101.17,181847.9123
1199,300093.SZ,20160816,21.9,22.36,21.7,22.16,22.17,-0.01,-0.05,79556.42,175375.2834
1200,300093.SZ,20160815,21.5,22.26,20.52,22.17,21.68,0.49,2.26,137047.1,295413.6643
1201,300093.SZ,20160812,21.28,21.98,21.09,21.68,21.45,0.23,1.07,131606.52,282269.6673
1202,300093.SZ,20160811,21.45,21.45,21.45,21.45,23.83,-2.38,-9.99,33926.0,72771.27
1203,300093.SZ,20160803,23.8,23.9,23.57,23.83,23.88,-0.05,-0.21,37597.15,89249.4393
1204,300093.SZ,20160802,23.39,23.98,23.15,23.88,23.25,0.63,2.71,59828.11,141158.8669
1205,300093.SZ,20160801,22.77,23.5,22.3,23.25,22.9,0.35,1.53,57204.64,131228.8455
1206,300093.SZ,20160729,22.64,23.3,22.19,22.9,22.62,0.28,1.24,61673.88,140428.3156
1207,300093.SZ,20160728,23.1,23.31,21.85,22.62,23.21,-0.59,-2.54,92696.25,209762.88
1208,300093.SZ,20160727,25.64,25.88,23.11,23.21,25.68,-2.47,-9.62,143229.97,348821.2944
1209,300093.SZ,20160726,26.3,26.4,25.4,25.68,26.4,-0.72,-2.73,131640.28,338732.0788
1210,300093.SZ,20160725,25.95,26.86,25.7,26.4,25.26,1.14,4.51,145308.02,382874.3266
1211,300093.SZ,20160722,25.61,26.07,25.25,25.26,25.75,-0.49,-1.9,68283.74,175728.9914
1212,300093.SZ,20160721,25.45,26.1,25.41,25.75,25.68,0.07,0.27,70170.91,181137.9291
1213,300093.SZ,20160720,25.96,26.43,25.61,25.68,26.15,-0.47,-1.8,106092.41,275158.9621
1214,300093.SZ,20160719,25.42,26.15,25.1,26.15,25.73,0.42,1.63,118294.31,302608.7285
1215,300093.SZ,20160718,25.7,26.5,25.38,25.73,25.67,0.06,0.23,127496.22,331899.4973
1216,300093.SZ,20160715,26.5,26.5,25.67,25.67,26.81,-1.14,-4.25,148359.43,386098.4784
1217,300093.SZ,20160714,26.86,28.22,26.58,26.81,26.59,0.22,0.83,293060.91,793953.3604
1218,300093.SZ,20160713,24.18,26.59,24.05,26.59,24.17,2.42,10.01,214228.53,545225.7628
1219,300093.SZ,20160712,23.58,24.35,23.0,24.17,23.53,0.64,2.72,95904.64,228562.5969
1220,300093.SZ,20160711,23.85,24.3,23.51,23.53,23.95,-0.42,-1.75,76344.96,181820.5299
1221,300093.SZ,20160708,24.24,24.43,23.66,23.95,24.12,-0.17,-0.7,73958.32,177503.7344
1222,300093.SZ,20160707,23.8,24.49,23.7,24.12,23.88,0.24,1.01,104267.12,251740.919
1223,300093.SZ,20160706,23.69,24.21,23.46,23.88,23.85,0.03,0.13,80122.68,190550.6128
1224,300093.SZ,20160705,23.77,24.5,23.76,23.85,23.55,0.3,1.27,120083.08,289032.5683
1225,300093.SZ,20160704,23.23,23.72,23.03,23.55,23.39,0.16,0.68,84119.53,197417.1925
1226,300093.SZ,20160701,23.53,23.75,23.19,23.39,23.69,-0.3,-1.27,77635.25,181622.7397
1227,300093.SZ,20160630,23.03,23.95,22.82,23.69,23.0,0.69,3.0,122643.44,288632.221
1228,300093.SZ,20160629,23.4,23.45,22.8,23.0,23.21,-0.21,-0.9,71631.86,164836.5491
1229,300093.SZ,20160628,22.5,23.33,22.5,23.21,22.76,0.45,1.98,98247.9,226129.8505
1230,300093.SZ,20160627,21.9,22.98,21.81,22.76,22.16,0.6,2.71,75517.13,170088.5575
1231,300093.SZ,20160624,22.78,22.93,21.47,22.16,22.7,-0.54,-2.38,74607.06,166564.8105
1232,300093.SZ,20160623,22.85,23.08,22.4,22.7,22.94,-0.24,-1.05,57495.24,130916.6726
1233,300093.SZ,20160622,22.35,22.98,22.3,22.94,22.35,0.59,2.64,59547.92,134767.0702
1234,300093.SZ,20160621,23.0,23.14,22.25,22.35,22.62,-0.27,-1.19,63147.39,143951.8717
1235,300093.SZ,20160620,22.8,22.8,22.15,22.62,22.74,-0.12,-0.53,55860.0,125434.8408
1236,300093.SZ,20160617,22.77,23.29,22.64,22.74,22.71,0.03,0.13,55730.79,127810.7831
1237,300093.SZ,20160616,23.3,23.35,22.55,22.71,23.23,-0.52,-2.24,70487.79,161269.3241
1238,300093.SZ,20160615,22.25,23.44,22.08,23.23,22.4,0.83,3.71,69864.92,161065.1139
1239,300093.SZ,20160614,22.03,22.77,22.02,22.4,22.28,0.12,0.54,42874.83,96032.3024
1240,300093.SZ,20160613,23.18,23.74,22.28,22.28,24.18,-1.9,-7.86,77599.25,180162.3251
1241,300093.SZ,20160608,24.41,24.57,23.85,24.18,24.87,-0.69,-2.77,73916.86,178547.6312
1242,300093.SZ,20160607,25.39,25.39,24.72,24.87,25.17,-0.3,-1.19,68217.19,170065.2081
1243,300093.SZ,20160606,24.99,25.35,24.81,25.17,24.9,0.27,1.08,80921.32,202908.8259
1244,300093.SZ,20160603,25.0,25.29,24.78,24.9,25.37,-0.47,-1.85,103575.92,258709.0756
1245,300093.SZ,20160602,23.9,25.98,23.9,25.37,23.96,1.41,5.88,150608.97,377697.078
1246,300093.SZ,20160601,23.97,24.59,23.9,23.96,23.89,0.07,0.29,90211.22,218603.4111
1247,300093.SZ,20160531,22.7,23.94,22.5,23.89,22.5,1.39,6.18,106140.77,249454.8779
1248,300093.SZ,20160530,23.0,23.0,22.0,22.5,23.14,-0.64,-2.77,67904.33,152970.5666
1249,300093.SZ,20160527,23.25,23.72,22.97,23.14,23.16,-0.02,-0.09,68391.84,160105.3373
1250,300093.SZ,20160526,23.0,23.25,22.17,23.16,23.09,0.07,0.3,71998.25,163325.4244
1251,300093.SZ,20160525,23.97,24.15,22.97,23.09,23.8,-0.71,-2.98,84363.36,198660.065
1252,300093.SZ,20160524,23.5,24.18,23.11,23.8,23.5,0.3,1.28,79062.32,186482.0921
1253,300093.SZ,20160523,23.9,24.05,23.31,23.5,23.5,0.0,0.0,94609.36,223504.1373
1254,300093.SZ,20160520,22.58,23.7,22.03,23.5,22.53,0.97,4.31,107177.26,246002.4555
1255,300093.SZ,20160519,22.0,23.19,22.0,22.53,22.04,0.49,2.22,101518.07,230412.7643
1256,300093.SZ,20160518,23.0,23.0,21.69,22.04,24.1,-2.06,-8.55,124441.01,278260.2074
1257,300093.SZ,20160517,24.78,24.98,23.8,24.1,23.62,0.48,2.03,197946.57,482467.7347
1258,300093.SZ,20160516,22.68,23.62,22.3,23.62,21.47,2.15,10.01,116218.1,270069.393
1259,300093.SZ,20160513,21.8,22.38,21.15,21.47,21.9,-0.43,-1.96,99041.13,216372.5224
1260,300093.SZ,20160512,21.34,22.87,21.06,21.9,22.99,-1.09,-4.74,141768.74,308133.2491
1261,300093.SZ,20160511,24.49,24.49,22.99,22.99,25.54,-2.55,-9.98,229596.73,535530.6976
1262,300093.SZ,20160510,25.65,26.08,25.33,25.54,25.4,0.14,0.55,71961.11,184633.7641
1263,300093.SZ,20160509,27.02,27.22,25.21,25.4,27.77,-2.37,-8.53,117875.08,306002.0796
1264,300093.SZ,20160506,29.46,29.9,26.83,27.77,29.46,-1.69,-5.74,188856.09,531542.4974
1265,300093.SZ,20160505,29.0,29.68,28.78,29.46,29.18,0.28,0.96,122095.38,357189.1991
1266,300093.SZ,20160504,28.72,30.26,28.5,29.18,28.79,0.39,1.35,167044.0,491657.1523
1267,300093.SZ,20160503,27.29,29.38,27.2,28.79,27.54,1.25,4.54,138889.77,396255.9778
1268,300093.SZ,20160429,27.72,28.19,27.27,27.54,28.07,-0.53,-1.89,109887.76,304688.3922
1269,300093.SZ,20160428,26.38,28.5,26.0,28.07,26.4,1.67,6.33,175752.5,474606.3123
1270,300093.SZ,20160427,26.21,27.1,25.86,26.4,26.52,-0.12,-0.45,105723.84,279501.4308
1271,300093.SZ,20160426,26.85,27.8,25.78,26.52,26.39,0.13,0.49,127775.09,340692.9335
1272,300093.SZ,20160425,27.0,27.0,25.92,26.39,27.17,-0.78,-2.87,80807.17,213486.5303
1273,300093.SZ,20160422,25.6,27.2,25.26,27.17,25.72,1.45,5.64,120296.16,316454.6423
1274,300093.SZ,20160421,27.43,27.5,25.56,25.72,27.15,-1.43,-5.27,108877.0,290042.3547
1275,300093.SZ,20160420,28.79,29.5,26.08,27.15,28.54,-1.39,-4.87,161903.08,450261.0633
1276,300093.SZ,20160419,28.87,29.0,28.12,28.54,28.85,-0.31,-1.07,115728.59,330206.396
1277,300093.SZ,20160418,29.3,29.68,28.01,28.85,29.85,-1.0,-3.35,140011.43,403843.4525
1278,300093.SZ,20160415,27.76,30.4,27.53,29.85,27.95,1.9,6.8,219282.65,636055.3193
1279,300093.SZ,20160414,27.66,28.6,27.12,27.95,27.53,0.42,1.53,190446.65,533406.6713
1280,300093.SZ,20160413,26.1,28.3,26.03,27.53,25.73,1.8,7.0,246624.77,673393.2983
1281,300093.SZ,20160412,24.92,25.8,24.88,25.73,25.16,0.57,2.27,103638.33,262928.4116
1282,300093.SZ,20160411,24.68,25.78,24.66,25.16,24.5,0.66,2.69,86036.72,217579.8057
1283,300093.SZ,20160408,24.22,24.85,24.0,24.5,25.03,-0.53,-2.12,81436.08,198775.3461
1284,300093.SZ,20160407,26.0,26.4,25.0,25.03,25.98,-0.95,-3.66,109130.75,279730.9996
1285,300093.SZ,20160406,25.7,26.99,25.5,25.98,25.94,0.04,0.15,154688.49,406182.3345
1286,300093.SZ,20160405,25.1,26.15,24.43,25.94,25.0,0.94,3.76,110996.02,283069.2368
1287,300093.SZ,20160401,25.56,25.69,24.2,25.0,25.67,-0.67,-2.61,106423.28,265144.0573
1288,300093.SZ,20160331,25.18,26.7,25.06,25.67,24.9,0.77,3.09,170652.23,438147.7707
1289,300093.SZ,20160330,23.87,25.15,23.81,24.9,23.95,0.95,3.97,137363.94,335284.388
1290,300093.SZ,20160329,24.22,24.37,23.0,23.95,24.35,-0.4,-1.64,95685.88,226448.8317
1291,300093.SZ,20160328,26.1,26.32,24.0,24.35,25.76,-1.41,-5.47,152017.34,385192.9007
1292,300093.SZ,20160325,24.94,26.18,24.8,25.76,25.1,0.66,2.63,189246.61,485083.6128
1293,300093.SZ,20160324,24.0,26.58,23.72,25.1,24.52,0.58,2.37,185763.08,462416.5363
1294,300093.SZ,20160323,24.34,24.65,23.7,24.52,24.39,0.13,0.53,117478.59,285085.3948
1295,300093.SZ,20160322,24.18,25.12,23.95,24.39,24.68,-0.29,-1.18,120371.55,295288.9763
1296,300093.SZ,20160321,24.7,24.85,23.94,24.68,23.95,0.73,3.05,162272.91,395864.7987
1297,300093.SZ,20160318,22.61,24.5,22.61,23.95,22.6,1.35,5.97,170649.95,401457.1087
1298,300093.SZ,20160317,20.9,22.76,20.9,22.6,20.84,1.76,8.45,155537.38,341601.1291
1299,300093.SZ,20160316,21.96,22.09,20.38,20.84,21.28,-0.44,-2.07,102526.28,217451.2602
1300,300093.SZ,20160315,21.12,22.19,21.02,21.28,21.35,-0.07,-0.33,105654.37,227674.4508
1301,300093.SZ,20160314,20.58,22.0,20.31,21.35,20.1,1.25,6.22,113479.45,241527.845
1302,300093.SZ,20160311,19.85,20.54,19.61,20.1,20.35,-0.25,-1.23,72829.98,145639.2081
1303,300093.SZ,20160310,21.5,21.65,19.92,20.35,21.42,-1.07,-5.0,117265.61,242776.4032
1304,300093.SZ,20160309,21.64,22.45,21.25,21.42,22.3,-0.88,-3.95,99616.64,217926.549
1305,300093.SZ,20160308,21.7,22.46,19.61,22.3,21.7,0.6,2.77,132267.58,282101.1058
1306,300093.SZ,20160307,21.6,22.56,21.33,21.7,21.15,0.55,2.6,98350.17,215879.2662
1307,300093.SZ,20160304,23.3,23.78,21.15,21.15,23.5,-2.35,-10.0,147400.78,326317.4669
1308,300093.SZ,20160303,24.01,24.79,23.5,23.5,23.9,-0.4,-1.67,137842.59,332680.011
1309,300093.SZ,20160302,22.01,23.95,21.84,23.9,22.29,1.61,7.22,150800.01,345286.596
1310,300093.SZ,20160301,21.15,23.06,20.65,22.29,21.24,1.05,4.94,143208.56,311504.4561
1311,300093.SZ,20160229,23.73,23.8,21.24,21.24,23.6,-2.36,-10.0,135517.82,295888.8633
1312,300093.SZ,20160226,24.9,25.3,22.86,23.6,24.86,-1.26,-5.07,145665.18,351820.1259
1313,300093.SZ,20160225,27.17,27.42,24.86,24.86,27.62,-2.76,-9.99,162263.04,420069.1026
1314,300093.SZ,20160224,28.86,29.17,26.5,27.62,29.13,-1.51,-5.18,172149.47,478195.364
1315,300093.SZ,20160223,28.36,29.4,27.66,29.13,28.3,0.83,2.93,172552.72,491863.6614
1316,300093.SZ,20160222,27.7,28.73,27.12,28.3,27.51,0.79,2.87,170849.72,475377.0644
1317,300093.SZ,20160219,26.02,28.93,26.02,27.51,26.3,1.21,4.6,202090.87,563891.1586
1318,300093.SZ,20160218,27.15,27.55,26.15,26.3,27.4,-1.1,-4.01,160357.44,431189.2974
1319,300093.SZ,20160217,25.6,27.8,25.22,27.4,25.67,1.73,6.74,175937.4,463560.2686
1320,300093.SZ,20160216,24.75,26.18,24.6,25.67,24.55,1.12,4.56,145934.67,372740.472
1321,300093.SZ,20160215,22.2,25.5,22.2,24.55,23.4,1.15,4.91,146086.99,350119.9473
1322,300093.SZ,20160205,24.5,24.78,23.26,23.4,24.79,-1.39,-5.61,121808.57,291559.2344
1323,300093.SZ,20160204,24.48,25.45,24.36,24.79,24.68,0.11,0.45,138880.88,345705.7557
1324,300093.SZ,20160203,23.96,24.99,23.38,24.68,24.07,0.61,2.53,178340.02,429866.1902
1325,300093.SZ,20160202,22.0,24.07,21.71,24.07,21.88,2.19,10.01,107133.66,249319.0195
1326,300093.SZ,20160201,22.71,23.65,20.8,21.88,22.85,-0.97,-4.25,127688.3,286234.8411
1327,300093.SZ,20160129,21.89,23.86,20.69,22.85,22.49,0.36,1.6,157700.49,352221.5851
1328,300093.SZ,20160128,24.3,25.18,22.49,22.49,24.99,-2.5,-10.0,148869.15,352662.6562
1329,300093.SZ,20160127,25.51,25.98,23.45,24.99,26.06,-1.07,-4.11,177844.73,437334.963
1330,300093.SZ,20160126,28.37,28.67,26.06,26.06,28.95,-2.89,-9.98,168881.02,459739.1316
1331,300093.SZ,20160125,29.0,30.6,28.51,28.95,28.27,0.68,2.41,239061.8,703545.1183
1332,300093.SZ,20160122,26.2,28.27,25.8,28.27,25.7,2.57,10.0,160936.17,433949.2109
1333,300093.SZ,20160121,28.02,28.68,25.7,25.7,28.55,-2.85,-9.98,172181.4,473414.9085
1334,300093.SZ,20160120,26.87,29.71,26.65,28.55,27.27,1.28,4.69,202541.07,565971.3086
1335,300093.SZ,20160119,26.87,27.57,25.82,27.27,26.07,1.2,4.6,200920.78,538001.5387
1336,300093.SZ,20160118,22.9,26.07,22.72,26.07,23.7,2.37,10.0,128551.54,320212.0117
1337,300093.SZ,20160115,24.4,25.88,23.4,23.7,24.82,-1.12,-4.51,174979.85,430832.2153
1338,300093.SZ,20160114,22.38,25.22,22.21,24.82,23.82,1.0,4.2,150358.97,361861.9655
1339,300093.SZ,20160113,25.8,26.4,23.41,23.82,25.7,-1.88,-7.32,189342.64,469032.7806
1340,300093.SZ,20160112,24.88,26.6,24.22,25.7,25.0,0.7,2.8,176578.96,450696.721
1341,300093.SZ,20160111,26.32,26.32,25.0,25.0,27.78,-2.78,-10.01,138613.85,353130.1031
1342,300093.SZ,20160108,29.48,29.85,26.52,27.78,29.47,-1.69,-5.73,223115.81,619677.4068
1343,300093.SZ,20160107,31.98,31.98,29.47,29.47,32.74,-3.27,-9.99,31916.0,96970.374
1344,300093.SZ,20160106,32.51,33.38,31.29,32.74,33.12,-0.38,-1.15,176826.84,569261.0787
1345,300093.SZ,20160105,29.4,33.64,29.35,33.12,31.13,1.99,6.39,239370.9,760413.352
1346,300093.SZ,20160104,31.7,33.33,30.12,31.13,31.7,-0.57,-1.8,133865.91,428420.3906
1347,300093.SZ,20151231,34.82,35.05,31.7,31.7,35.22,-3.52,-9.99,174180.27,583176.7218
1348,300093.SZ,20151230,34.29,35.59,34.06,35.22,33.81,1.41,4.17,170932.09,595743.0111
1349,300093.SZ,20151229,33.97,34.4,33.21,33.81,34.0,-0.19,-0.56,180264.98,608547.4492
1350,300093.SZ,20151228,36.02,37.0,33.5,34.0,36.56,-2.56,-7.0,183382.09,656539.9126
1351,300093.SZ,20151225,37.8,38.63,36.56,36.56,37.75,-1.19,-3.15,134674.42,506473.1552
1352,300093.SZ,20151224,37.92,38.38,36.98,37.75,38.2,-0.45,-1.18,126987.05,477688.138
1353,300093.SZ,20151223,39.15,40.18,37.6,38.2,38.97,-0.77,-1.98,161720.39,626230.7756
1354,300093.SZ,20151222,41.62,41.63,38.0,38.97,41.96,-2.99,-7.13,190318.1,757555.6644
1355,300093.SZ,20151221,41.78,42.7,39.62,41.96,40.8,1.16,2.84,258318.6,1066770.5679
1356,300093.SZ,20151218,39.8,42.81,38.9,40.8,38.92,1.88,4.83,330497.61,1370262.7085
1357,300093.SZ,20151217,38.39,40.47,37.55,38.92,38.22,0.7,1.83,270522.26,1049677.1941
1358,300093.SZ,20151216,37.12,40.77,36.85,38.22,37.5,0.72,1.92,286685.8,1102948.8763
1359,300093.SZ,20151215,36.5,37.81,36.01,37.5,36.6,0.9,2.46,254934.66,941017.8881
1360,300093.SZ,20151214,40.0,41.5,36.37,36.6,40.41,-3.81,-9.43,357277.31,1351926.825
1361,300093.SZ,20151211,42.99,44.96,40.18,40.41,41.64,-1.23,-2.95,482166.52,2062180.8783
1362,300093.SZ,20151210,41.64,41.64,41.64,41.64,37.85,3.79,10.01,20129.02,83817.2393
1363,300093.SZ,20151209,37.85,37.85,37.85,37.85,34.41,3.44,10.0,25146.82,95180.7137
1364,300093.SZ,20151208,34.41,34.41,34.41,34.41,31.28,3.13,10.01,39085.31,134492.5517
1365,300093.SZ,20151207,31.28,31.28,31.28,31.28,28.44,2.84,9.99,22439.91,70192.0385
1366,300093.SZ,20151204,28.44,28.44,28.44,28.44,25.85,2.59,10.02,19695.66,56014.457
1367,300093.SZ,20150518,23.51,25.86,22.8,25.86,23.51,2.35,10.0,232137.3,583465.5879
1368,300093.SZ,20150515,21.6,24.13,21.21,23.51,21.94,1.57,7.16,223829.27,514690.0109
1369,300093.SZ,20150514,21.66,22.3,21.11,21.94,21.96,-0.02,-0.09,147257.92,318543.0409
1370,300093.SZ,20150513,21.1,22.41,20.85,21.96,21.78,0.18,0.83,249113.84,543807.4166
1371,300093.SZ,20150512,20.0,21.78,20.0,21.78,19.8,1.98,10.0,277930.13,587126.0917
1372,300093.SZ,20150428,21.3,21.4,19.32,19.8,21.38,-1.58,-7.39,117341.01,237912.1553
1373,300093.SZ,20150427,21.51,21.95,21.3,21.38,21.58,-0.2,-0.93,89445.64,192666.7822
1374,300093.SZ,20150424,21.9,22.23,21.5,21.58,22.29,-0.71,-3.19,86996.48,190049.0569
1375,300093.SZ,20150423,21.9,22.61,21.56,22.29,21.85,0.44,2.01,105619.19,233294.2064
1376,300093.SZ,20150422,21.64,21.98,21.56,21.85,21.81,0.04,0.18,101748.74,221961.0561
1377,300093.SZ,20150421,20.5,21.94,20.33,21.81,21.24,0.57,2.68,113961.15,241674.7556
1378,300093.SZ,20150420,21.3,22.33,21.11,21.24,21.69,-0.45,-2.07,98447.86,213659.9783
1379,300093.SZ,20150417,23.0,23.3,21.57,21.69,22.9,-1.21,-5.28,163456.4,361179.0411
1380,300093.SZ,20150416,23.3,24.36,22.7,22.9,23.63,-0.73,-3.09,108864.19,256261.1721
1381,300093.SZ,20150415,25.01,25.28,23.36,23.63,24.34,-0.71,-2.92,97996.48,236878.7739
1382,300093.SZ,20150414,23.9,24.88,23.33,24.34,23.9,0.44,1.84,115939.14,279969.833
1383,300093.SZ,20150413,23.7,24.66,23.38,23.9,23.08,0.82,3.55,103739.47,249206.0394
1384,300093.SZ,20150410,22.18,24.52,22.07,23.08,22.5,0.58,2.58,106003.39,246883.5879
1385,300093.SZ,20150409,21.56,22.5,20.07,22.5,21.63,0.87,4.02,117853.5,252018.3208
1386,300093.SZ,20150408,21.87,21.87,20.51,21.63,21.7,-0.07,-0.32,127540.68,271885.2745
1387,300093.SZ,20150407,22.1,22.56,21.4,21.7,21.87,-0.17,-0.78,120827.69,263459.7355
1388,300093.SZ,20150403,20.67,22.4,20.53,21.87,21.09,0.78,3.7,133059.31,286713.4364
1389,300093.SZ,20150402,20.2,21.25,19.83,21.09,20.24,0.85,4.2,173969.62,353464.2337
1390,300093.SZ,20150401,18.45,20.24,18.3,20.24,18.4,1.84,10.0,228584.91,452847.3935
1391,300093.SZ,20150331,19.15,19.53,18.4,18.4,18.77,-0.37,-1.97,127089.06,240462.329
1392,300093.SZ,20150330,19.08,19.65,18.41,18.77,18.34,0.43,2.34,161065.24,304340.1768
1393,300093.SZ,20150327,16.95,18.34,16.95,18.34,16.67,1.67,10.02,99198.76,177768.2561
1394,300093.SZ,20150326,17.58,17.58,16.6,16.67,17.69,-1.02,-5.77,131727.52,224136.6598
1395,300093.SZ,20150325,17.79,18.2,17.46,17.69,17.86,-0.17,-0.95,162214.43,289428.1948
1396,300093.SZ,20150324,17.48,19.2,16.58,17.86,17.49,0.37,2.12,220490.56,392215.561
1397,300093.SZ,20150323,16.86,17.66,16.7,17.49,16.53,0.96,5.81,126762.49,219384.4938
1398,300093.SZ,20150320,15.78,16.68,15.72,16.53,15.8,0.73,4.62,111252.43,181769.1578
1399,300093.SZ,20150319,15.86,15.87,15.56,15.8,15.72,0.08,0.51,85118.49,133780.6053
1400,300093.SZ,20150318,15.54,15.98,15.38,15.72,15.55,0.17,1.09,102972.17,161326.7759
1401,300093.SZ,20150317,15.48,15.99,15.23,15.55,15.4,0.15,0.97,136723.68,214495.4083
1402,300093.SZ,20150316,15.2,15.9,15.12,15.4,15.15,0.25,1.65,185133.25,289469.5127
1403,300093.SZ,20150313,14.26,15.2,14.01,15.15,14.21,0.94,6.62,151687.84,223277.1948
1404,300093.SZ,20150312,14.19,14.53,13.98,14.21,14.38,-0.17,-1.18,164719.66,233610.455
1405,300093.SZ,20150311,13.25,14.54,13.19,14.38,13.22,1.16,8.77,237292.02,331976.2367
1406,300093.SZ,20150310,12.99,13.29,12.95,13.22,13.14,0.08,0.61,161277.16,211820.6979
1407,300093.SZ,20150309,13.02,13.5,13.02,13.14,14.47,-1.33,-9.19,292666.27,383417.1095
1408,300093.SZ,20150306,15.03,15.14,14.19,14.47,15.03,-0.56,-3.73,130221.18,189600.2958
1409,300093.SZ,20150305,14.09,15.5,14.01,15.03,14.13,0.9,6.37,179168.17,265391.9731
1410,300093.SZ,20150304,13.91,14.38,13.41,14.13,13.91,0.22,1.58,102413.32,142723.5309
1411,300093.SZ,20150303,14.01,14.58,13.86,13.91,14.14,-0.23,-1.63,124296.98,177586.3968
1412,300093.SZ,20150302,13.71,14.37,13.71,14.14,13.74,0.4,2.91,96169.26,135153.4431
1413,300093.SZ,20150227,13.8,13.98,13.64,13.74,13.81,-0.07,-0.51,70618.69,97419.8756
1414,300093.SZ,20150226,13.7,14.14,13.5,13.81,13.95,-0.14,-1.0,86155.64,118422.458
1415,300093.SZ,20150225,14.1,14.68,13.79,13.95,13.79,0.16,1.16,137963.5,196291.0026
1416,300093.SZ,20150217,13.41,13.88,13.37,13.79,13.58,0.21,1.55,79179.66,107948.7844
1417,300093.SZ,20150216,13.02,14.1,13.02,13.58,12.85,0.73,5.68,133946.53,183526.7433
1418,300093.SZ,20150213,12.57,12.86,12.52,12.85,12.52,0.33,2.64,89976.62,114247.1168
1419,300093.SZ,20150212,12.39,12.67,12.34,12.52,12.32,0.2,1.62,66314.59,82960.3647
1420,300093.SZ,20150211,12.06,12.59,12.06,12.32,12.06,0.26,2.16,56732.74,70135.3528
1421,300093.SZ,20150210,11.37,12.16,11.35,12.06,11.37,0.69,6.07,37140.01,43325.3299
1422,300093.SZ,20150209,11.7,11.96,11.33,11.37,11.78,-0.41,-3.48,56470.75,65648.9253
1423,300093.SZ,20150206,12.61,12.61,11.72,11.78,12.48,-0.7,-5.61,72888.5,88790.861
1424,300093.SZ,20150205,12.36,12.67,12.22,12.48,12.33,0.15,1.22,67974.91,84758.6768
1425,300093.SZ,20150204,12.42,12.58,12.16,12.33,12.36,-0.03,-0.24,75228.63,93242.1606
1426,300093.SZ,20150203,12.0,12.38,11.95,12.36,12.0,0.36,3.0,76713.93,93687.1874
1427,300093.SZ,20150202,11.74,12.08,11.65,12.0,11.88,0.12,1.01,39309.79,46832.4183
1428,300093.SZ,20150130,11.89,12.18,11.88,11.88,11.88,0.0,0.0,73368.52,88315.097
1429,300093.SZ,20150129,11.69,11.94,11.52,11.88,11.79,0.09,0.76,37672.71,44321.7674
1430,300093.SZ,20150128,11.85,12.09,11.78,11.79,11.7,0.09,0.77,55659.33,66312.6696
1431,300093.SZ,20150127,11.85,11.9,11.5,11.7,11.84,-0.14,-1.18,47310.73,55333.7268
1432,300093.SZ,20150126,11.63,11.91,11.63,11.84,11.58,0.26,2.25,67587.61,79708.9193
1433,300093.SZ,20150123,11.85,11.85,11.51,11.58,11.92,-0.34,-2.85,66189.83,77231.1147
1434,300093.SZ,20150122,11.8,11.95,11.41,11.92,11.81,0.11,0.93,116849.58,136541.522
1435,300093.SZ,20150121,11.19,12.27,11.15,11.81,11.15,0.66,5.92,180536.61,216978.088
1436,300093.SZ,20150120,10.68,11.26,10.68,11.15,10.69,0.46,4.3,65164.63,72150.7276
1437,300093.SZ,20150119,10.59,11.2,10.48,10.69,10.89,-0.2,-1.84,63871.31,69238.6973
1438,300093.SZ,20150116,10.57,11.18,10.41,10.89,10.54,0.35,3.32,68419.45,74525.4766
1439,300093.SZ,20150115,10.44,10.7,10.33,10.54,10.41,0.13,1.25,29732.73,31413.9291
1440,300093.SZ,20150114,10.6,10.75,10.32,10.41,10.65,-0.24,-2.25,30986.94,32556.7719
1441,300093.SZ,20150113,10.19,10.66,10.1,10.65,10.19,0.46,4.51,39728.95,41609.2918
1442,300093.SZ,20150112,10.35,10.4,10.13,10.19,10.45,-0.26,-2.49,34387.5,35142.5646
1443,300093.SZ,20150109,10.61,10.84,10.45,10.45,10.7,-0.25,-2.34,48891.27,52000.1534
1444,300093.SZ,20150108,10.68,10.92,10.55,10.7,10.7,0.0,0.0,42592.08,45585.0069
1445,300093.SZ,20150107,10.54,10.97,10.52,10.7,10.6,0.1,0.94,55779.23,60121.5769
1446,300093.SZ,20150106,10.25,10.65,10.13,10.6,10.27,0.33,3.21,53134.25,55491.8225
1447,300093.SZ,20150105,10.33,10.45,10.01,10.27,10.13,0.14,1.38,53036.01,54517.0038
1448,300093.SZ,20141231,9.99,10.22,9.99,10.13,9.97,0.16,1.6,31618.55,32027.6361
1449,300093.SZ,20141230,10.29,10.47,9.91,9.97,10.34,-0.37,-3.58,46290.63,46885.0047
1450,300093.SZ,20141229,10.64,10.64,10.3,10.34,10.6,-0.26,-2.45,40446.72,42172.4667
1451,300093.SZ,20141226,10.64,10.97,10.47,10.6,10.64,-0.04,-0.38,41189.32,44056.52
1452,300093.SZ,20141225,10.83,10.83,10.53,10.64,10.8,-0.16,-1.48,35561.69,37896.8996
1453,300093.SZ,20141224,10.55,10.85,10.47,10.8,10.55,0.25,2.37,36305.9,38697.7322
1454,300093.SZ,20141223,10.39,10.83,10.38,10.55,10.39,0.16,1.54,34370.09,36254.1384
1455,300093.SZ,20141222,11.35,11.35,10.32,10.39,11.44,-1.05,-9.18,57786.78,61503.0249
1456,300093.SZ,20141219,12.16,12.16,11.28,11.44,12.23,-0.79,-6.46,57752.87,67727.655
1457,300093.SZ,20141218,12.18,12.35,12.1,12.23,12.28,-0.05,-0.41,28860.97,35236.6047
1458,300093.SZ,20141217,12.56,12.6,12.07,12.28,12.64,-0.36,-2.85,45555.1,56393.1523
1459,300093.SZ,20141216,12.79,12.81,12.52,12.64,12.79,-0.15,-1.17,37563.3,47410.3155
1460,300093.SZ,20141215,12.54,12.88,12.54,12.79,12.53,0.26,2.08,45563.79,58191.7435
1461,300093.SZ,20141212,12.59,12.65,12.31,12.53,12.49,0.04,0.32,32007.46,39871.4909
1462,300093.SZ,20141211,12.2,12.51,12.02,12.49,12.27,0.22,1.79,38844.24,48144.1614
1463,300093.SZ,20141210,11.85,12.35,11.84,12.27,11.84,0.43,3.63,37394.82,45380.5846
1464,300093.SZ,20141209,12.36,12.46,11.84,11.84,12.32,-0.48,-3.9,65632.9,79332.1722
1465,300093.SZ,20141208,12.31,12.54,12.0,12.32,12.29,0.03,0.24,65670.85,80797.5558
1466,300093.SZ,20141205,13.45,13.5,12.13,12.29,13.48,-1.19,-8.83,137348.02,172742.5908
1467,300093.SZ,20141204,13.44,13.74,13.39,13.48,13.5,-0.02,-0.15,74690.67,101138.2368
1468,300093.SZ,20141203,13.85,13.85,13.3,13.5,13.8,-0.3,-2.17,91372.74,123788.8263
1469,300093.SZ,20141202,13.52,13.9,13.48,13.8,13.5,0.3,2.22,104469.65,142834.069
1470,300093.SZ,20141201,14.31,14.31,13.41,13.5,13.02,0.48,3.69,146991.69,202568.8661
1471,300093.SZ,20141119,12.85,13.27,12.85,13.02,12.84,0.18,1.4,55023.47,71995.6273
1472,300093.SZ,20141118,12.7,12.96,12.69,12.84,12.8,0.04,0.31,35945.01,46001.2174
1473,300093.SZ,20141117,12.53,13.05,12.53,12.8,12.56,0.24,1.91,43748.76,56256.8255
1474,300093.SZ,20141114,12.46,12.71,12.4,12.56,12.46,0.1,0.8,30776.49,38611.111
1475,300093.SZ,20141113,12.83,12.83,12.41,12.46,12.82,-0.36,-2.81,43683.65,54939.083
1476,300093.SZ,20141112,12.63,12.89,12.48,12.82,12.67,0.15,1.18,37525.2,47910.7568
1477,300093.SZ,20141111,13.58,13.58,12.5,12.67,13.58,-0.91,-6.7,88655.95,115400.652
1478,300093.SZ,20141110,13.61,13.7,13.35,13.58,13.68,-0.1,-0.73,54513.54,73807.4284
1479,300093.SZ,20141107,14.15,14.25,13.42,13.68,14.07,-0.39,-2.77,83098.45,114932.7578
1480,300093.SZ,20141106,13.8,14.19,13.66,14.07,13.74,0.33,2.4,94240.21,131284.5358
1481,300093.SZ,20141105,13.58,13.88,13.38,13.74,13.57,0.17,1.25,65768.66,89999.9336
1482,300093.SZ,20141104,13.9,13.97,13.5,13.57,13.71,-0.14,-1.02,63148.36,86350.5967
1483,300093.SZ,20141103,13.56,13.87,13.5,13.71,13.6,0.11,0.81,104626.61,143473.1203
1484,300093.SZ,20141031,14.43,14.6,13.38,13.6,14.8,-1.2,-8.11,270682.16,377974.8019
1485,300093.SZ,20141030,13.75,14.8,13.75,14.8,13.45,1.35,10.04,358677.91,525389.5454
1486,300093.SZ,20141029,13.8,13.98,13.3,13.45,13.77,-0.32,-2.32,103306.93,140746.307
1487,300093.SZ,20141028,13.61,13.96,13.61,13.77,13.6,0.17,1.25,54022.64,74571.0602
1488,300093.SZ,20141027,13.4,13.6,13.05,13.6,13.39,0.21,1.57,39547.1,52611.0643
1489,300093.SZ,20141024,13.24,13.53,13.2,13.39,13.24,0.15,1.13,40851.93,54502.3484
1490,300093.SZ,20141023,13.18,13.4,13.07,13.24,13.22,0.02,0.15,40450.51,53521.7394
1491,300093.SZ,20141022,13.83,13.97,13.13,13.22,13.83,-0.61,-4.41,71069.63,95944.5412
1492,300093.SZ,20141021,14.2,14.6,13.82,13.83,14.33,-0.5,-3.49,101611.5,144015.2884
1493,300093.SZ,20141020,14.26,14.45,14.08,14.33,14.25,0.08,0.56,97233.96,138497.1181
1494,300093.SZ,20141017,13.45,14.3,13.35,14.25,13.6,0.65,4.78,165222.01,230498.8369
1495,300093.SZ,20141016,13.42,13.95,13.31,13.6,13.59,0.01,0.07,86243.12,118156.692
1496,300093.SZ,20141015,13.68,13.85,13.29,13.59,13.8,-0.21,-1.52,70949.84,95822.5001
1497,300093.SZ,20141014,13.43,13.81,13.38,13.8,13.45,0.35,2.6,82400.44,111799.5113
1498,300093.SZ,20141013,13.41,13.65,13.23,13.45,13.45,0.0,0.0,91629.16,122818.0619
1499,300093.SZ,20141010,13.7,13.88,13.41,13.45,13.95,-0.5,-3.58,123083.37,167931.2132
1500,300093.SZ,20141009,14.3,14.55,13.95,13.95,14.26,-0.31,-2.17,103424.58,146473.612
1501,300093.SZ,20141008,14.16,14.45,14.08,14.26,14.22,0.04,0.28,75857.05,108350.8706
1502,300093.SZ,20140930,14.11,14.26,13.9,14.22,14.17,0.05,0.35,85537.36,120378.4452
1503,300093.SZ,20140929,13.81,14.45,13.51,14.17,13.96,0.21,1.5,169861.39,240298.0069
1504,300093.SZ,20140926,14.1,14.5,13.85,13.96,14.15,-0.19,-1.34,182445.96,259054.3425
1505,300093.SZ,20140925,14.6,14.83,14.04,14.15,14.56,-0.41,-2.82,244068.66,350909.9285
1506,300093.SZ,20140924,15.28,15.51,14.41,14.56,14.74,-0.18,-1.22,416270.54,620897.109
1507,300093.SZ,20140923,14.05,14.74,14.02,14.74,13.4,1.34,10.0,280372.9,404575.3014
1508,300093.SZ,20140922,12.25,13.4,12.25,13.4,12.18,1.22,10.02,128686.36,167610.6304
1509,300093.SZ,20140919,12.28,12.28,11.99,12.18,12.15,0.03,0.25,41568.73,50520.894
1510,300093.SZ,20140918,11.94,12.15,11.71,12.15,11.95,0.2,1.67,49430.63,59261.7934
1511,300093.SZ,20140917,12.09,12.25,11.62,11.95,12.19,-0.24,-1.97,83347.89,99072.5122
1512,300093.SZ,20140916,13.07,13.27,12.0,12.19,13.1,-0.91,-6.95,162353.94,209003.759
1513,300093.SZ,20140915,12.77,13.13,12.68,13.1,12.76,0.34,2.66,124787.01,161314.1798
1514,300093.SZ,20140912,12.76,12.86,12.61,12.76,12.83,-0.07,-0.55,79128.82,100502.4492
1515,300093.SZ,20140911,12.78,13.08,12.68,12.83,12.78,0.05,0.39,127725.97,164604.9602
1516,300093.SZ,20140910,12.85,12.85,12.63,12.78,12.79,-0.01,-0.08,85393.0,108763.9902
1517,300093.SZ,20140909,12.67,12.92,12.62,12.79,12.75,0.04,0.31,91169.79,116428.7451
1518,300093.SZ,20140905,12.7,12.96,12.45,12.75,12.73,0.02,0.16,138153.27,175306.7857
1519,300093.SZ,20140904,12.84,12.9,12.55,12.73,12.84,-0.11,-0.86,109001.32,138315.5707
1520,300093.SZ,20140903,12.57,12.93,12.42,12.84,12.56,0.28,2.23,153392.75,195041.2478
1521,300093.SZ,20140902,12.58,12.64,12.25,12.56,12.53,0.03,0.24,148248.94,184275.0634
1522,300093.SZ,20140901,12.1,12.7,12.1,12.53,12.19,0.34,2.79,166672.12,207516.9422
1523,300093.SZ,20140829,11.8,12.34,11.66,12.19,11.92,0.27,2.27,114559.03,137276.3529
1524,300093.SZ,20140828,12.41,12.77,11.85,11.92,12.45,-0.53,-4.26,139329.12,170431.8667
1525,300093.SZ,20140827,12.65,12.69,12.35,12.45,12.95,-0.5,-3.86,142688.75,178338.0844
1526,300093.SZ,20140826,12.8,13.27,12.66,12.95,12.76,0.19,1.49,261230.68,338770.0857
1527,300093.SZ,20140825,12.56,12.98,12.42,12.76,12.72,0.04,0.31,181025.14,229853.8423
1528,300093.SZ,20140822,12.77,13.18,12.65,12.72,12.86,-0.14,-1.09,234010.03,302178.9962
1529,300093.SZ,20140821,13.15,13.16,12.65,12.86,13.17,-0.31,-2.35,152420.64,195699.3914
1530,300093.SZ,20140820,13.0,13.25,12.84,13.17,12.92,0.25,1.94,240766.16,313436.7918
1531,300093.SZ,20140819,13.58,13.58,12.67,12.92,13.9,-0.98,-7.05,372319.72,488993.5413
1532,300093.SZ,20140818,13.79,14.11,13.51,13.9,14.25,-0.35,-2.46,358325.55,494982.7516
1533,300093.SZ,20140815,14.72,15.49,14.09,14.25,14.4,-0.15,-1.04,549505.0,808254.8242
1534,300093.SZ,20140814,14.5,15.11,14.4,14.4,13.74,0.66,4.8,564128.97,839853.2582
1535,300093.SZ,20140813,12.34,13.74,12.12,13.74,12.49,1.25,10.01,443433.42,576565.8915
1536,300093.SZ,20140812,12.6,12.84,12.1,12.5,11.67,0.83,7.11,535929.55,677555.0604
1537,300093.SZ,20140811,10.7,11.67,10.7,11.67,10.61,1.06,9.99,204707.16,235521.4159
1538,300093.SZ,20140808,10.35,10.72,10.3,10.61,10.38,0.23,2.22,65130.46,68651.7634
1539,300093.SZ,20140807,10.74,10.98,10.37,10.38,10.74,-0.36,-3.35,94297.63,100661.3924
1540,300093.SZ,20140806,10.74,10.86,10.65,10.74,10.78,-0.04,-0.37,59508.74,64104.9978
1541,300093.SZ,20140805,10.72,10.96,10.57,10.78,10.68,0.1,0.94,96150.31,103510.7996
1542,300093.SZ,20140804,10.85,11.08,10.53,10.68,10.95,-0.27,-2.47,92779.83,99643.7499
1543,300093.SZ,20140801,10.86,11.34,10.74,10.95,10.87,0.08,0.74,152537.16,169176.6883
1544,300093.SZ,20140731,10.74,10.91,10.64,10.87,10.82,0.05,0.46,80795.3,87192.7191
1545,300093.SZ,20140730,10.74,10.87,10.46,10.82,10.9,-0.08,-0.73,113138.98,120522.5385
1546,300093.SZ,20140729,10.35,11.07,10.28,10.9,10.4,0.5,4.81,183863.85,195847.2122
1547,300093.SZ,20140728,10.35,10.58,10.27,10.4,10.27,0.13,1.27,76272.84,79454.8723
1548,300093.SZ,20140725,10.25,10.51,10.2,10.27,10.31,-0.04,-0.39,61128.94,63249.5769
1549,300093.SZ,20140724,10.55,10.59,10.13,10.31,10.73,-0.42,-3.91,129650.82,134091.0297
1550,300093.SZ,20140723,11.76,12.11,10.69,10.73,11.88,-1.15,-9.68,235337.17,264614.3191
1551,300093.SZ,20140722,11.42,12.08,11.33,11.88,11.55,0.33,2.86,164753.45,193496.3636
1552,300093.SZ,20140721,11.33,11.95,11.1,11.55,11.4,0.15,1.32,162586.09,187891.0286
1553,300093.SZ,20140718,11.32,11.89,11.26,11.4,11.4,0.0,0.0,141837.92,163117.5121
1554,300093.SZ,20140717,12.2,12.6,10.9,11.4,12.03,-0.63,-5.24,217803.33,252406.2886
1555,300093.SZ,20140716,12.1,12.63,11.7,12.03,11.95,0.08,0.67,340218.61,414815.0136
1556,300093.SZ,20140715,12.8,13.25,11.59,11.95,12.17,-0.22,-1.81,549722.95,687361.9776
1557,300093.SZ,20140714,12.17,12.17,12.17,12.17,11.06,1.11,10.04,123317.81,150077.7748
1558,300093.SZ,20140711,11.06,11.06,11.06,11.06,10.05,1.01,10.05,25401.31,28093.8489
1559,300093.SZ,20140710,10.05,10.05,10.05,10.05,9.14,0.91,9.96,19846.04,19945.2702
1560,300093.SZ,20140709,9.14,9.14,9.14,9.14,8.31,0.83,9.99,2761.83,2524.3126
1561,300093.SZ,20140708,8.31,8.31,8.31,8.31,7.55,0.76,10.07,1398.71,1162.328
1562,300093.SZ,20140328,7.69,7.85,7.45,7.55,7.69,-0.14,-1.82,77003.39,58912.8962
1563,300093.SZ,20140327,7.57,7.77,7.55,7.69,7.57,0.12,1.59,69193.1,53144.4041
1564,300093.SZ,20140326,7.35,7.69,7.35,7.57,7.39,0.18,2.44,80813.68,61233.9971
1565,300093.SZ,20140325,7.31,7.42,7.25,7.39,7.28,0.11,1.51,45073.81,33082.1272
1566,300093.SZ,20140324,7.12,7.4,7.07,7.28,7.14,0.14,1.96,53075.65,38440.7863
1567,300093.SZ,20140321,6.94,7.16,6.76,7.14,6.97,0.17,2.44,29796.19,20807.1975
1568,300093.SZ,20140320,7.2,7.24,6.97,6.97,7.19,-0.22,-3.06,23732.67,16872.0881
1569,300093.SZ,20140319,7.04,7.2,7.0,7.19,7.07,0.12,1.7,25173.72,17886.2977
1570,300093.SZ,20140318,7.11,7.13,7.04,7.07,7.09,-0.02,-0.28,19567.92,13870.2827
1571,300093.SZ,20140317,6.86,7.09,6.86,7.09,6.85,0.24,3.5,28453.92,19938.3126
1572,300093.SZ,20140314,6.87,6.87,6.76,6.85,6.87,-0.02,-0.29,16298.06,11098.5462
1573,300093.SZ,20140313,6.8,6.96,6.8,6.87,6.78,0.09,1.33,22343.02,15331.6346
1574,300093.SZ,20140312,6.71,6.82,6.63,6.78,6.71,0.07,1.04,25674.86,17303.1541
1575,300093.SZ,20140311,6.56,6.82,6.55,6.71,6.6,0.11,1.67,32282.31,21584.2584
1576,300093.SZ,20140310,6.9,6.98,6.6,6.6,7.02,-0.42,-5.98,38711.95,26281.2455
1577,300093.SZ,20140307,7.14,7.22,6.99,7.02,7.13,-0.11,-1.54,24440.96,17334.6747
1578,300093.SZ,20140306,7.2,7.23,7.02,7.13,7.2,-0.07,-0.97,24066.26,17085.9146
1579,300093.SZ,20140305,7.17,7.3,7.14,7.2,7.16,0.04,0.56,30905.39,22304.5163
1580,300093.SZ,20140304,7.11,7.26,7.08,7.16,7.2,-0.04,-0.56,36136.6,25941.1975
1581,300093.SZ,20140303,7.17,7.3,7.09,7.2,6.95,0.25,3.6,45959.33,32927.1922
1582,300093.SZ,20140228,6.86,6.99,6.76,6.95,6.89,0.06,0.87,30635.27,21094.4656
1583,300093.SZ,20140227,7.11,7.24,6.88,6.89,7.11,-0.22,-3.09,38145.51,27015.0564
1584,300093.SZ,20140226,7.1,7.15,6.9,7.11,7.18,-0.07,-0.97,45557.44,31998.4353
1585,300093.SZ,20140225,7.78,7.83,7.11,7.18,7.78,-0.6,-7.71,75734.35,56833.9279
1586,300093.SZ,20140224,7.6,7.8,7.49,7.78,7.61,0.17,2.23,46011.48,34954.8014
1587,300093.SZ,20140221,7.54,7.69,7.41,7.61,7.57,0.04,0.53,37631.27,28411.8761
1588,300093.SZ,20140220,7.69,7.79,7.43,7.57,7.71,-0.14,-1.82,56946.72,43227.1302
1589,300093.SZ,20140219,7.8,7.88,7.63,7.71,7.82,-0.11,-1.41,63771.75,49360.4869
1590,300093.SZ,20140218,7.83,8.06,7.72,7.82,7.84,-0.02,-0.26,80663.73,63591.2796
1591,300093.SZ,20140217,7.66,7.87,7.57,7.84,7.61,0.23,3.02,65653.05,51090.4321
1592,300093.SZ,20140214,7.43,7.67,7.36,7.61,7.46,0.15,2.01,53198.87,39983.8442
1593,300093.SZ,20140213,7.68,7.76,7.45,7.46,7.71,-0.25,-3.24,62269.78,47443.8781
1594,300093.SZ,20140212,7.42,7.77,7.38,7.71,7.43,0.28,3.77,80345.62,61178.1614
1595,300093.SZ,20140211,7.45,7.54,7.3,7.43,7.47,-0.04,-0.54,63108.04,46842.9955
1596,300093.SZ,20140210,7.32,7.54,7.24,7.47,7.28,0.19,2.61,81190.74,59825.5639
1597,300093.SZ,20140207,7.13,7.29,7.05,7.28,7.17,0.11,1.53,45204.88,32594.705
1598,300093.SZ,20140130,7.13,7.21,7.06,7.17,7.17,0.0,0.0,31878.35,22767.9608
1599,300093.SZ,20140129,7.07,7.2,6.98,7.17,7.28,-0.11,-1.51,84944.21,60167.696
1600,300093.SZ,20140128,7.39,7.45,7.15,7.28,7.39,-0.11,-1.49,45549.78,33127.3797
1601,300093.SZ,20140127,7.39,7.57,7.33,7.39,7.4,-0.01,-0.14,65636.87,48952.021
1602,300093.SZ,20140124,7.23,7.45,7.2,7.4,7.26,0.14,1.93,68042.82,49973.0389
1603,300093.SZ,20140123,7.25,7.42,7.21,7.26,7.25,0.01,0.14,66807.9,48966.2205
1604,300093.SZ,20140122,7.15,7.27,7.08,7.25,7.17,0.08,1.12,64595.51,46372.7965
1605,300093.SZ,20140121,6.92,7.19,6.92,7.17,6.94,0.23,3.31,40217.51,28587.0702
1606,300093.SZ,20140120,7.08,7.15,6.86,6.94,7.12,-0.18,-2.53,42594.91,29824.5973
1607,300093.SZ,20140117,7.08,7.27,7.08,7.12,7.1,0.02,0.28,40505.37,29065.9536
1608,300093.SZ,20140116,7.18,7.21,7.05,7.1,7.19,-0.09,-1.25,33543.24,23844.9683
1609,300093.SZ,20140115,7.08,7.22,6.99,7.19,7.07,0.12,1.7,46650.16,33342.4377
1610,300093.SZ,20140114,6.86,7.07,6.68,7.07,6.84,0.23,3.36,43450.79,30162.2186
1611,300093.SZ,20140113,6.7,6.9,6.67,6.84,6.71,0.13,1.94,32589.03,22145.7443
1612,300093.SZ,20140110,6.8,6.95,6.63,6.71,6.88,-0.17,-2.47,32702.19,22347.9974
1613,300093.SZ,20140109,7.14,7.25,6.88,6.88,7.17,-0.29,-4.04,49045.78,34657.8629
1614,300093.SZ,20140108,7.06,7.4,7.06,7.17,7.11,0.06,0.84,75475.93,54586.7834
1615,300093.SZ,20140107,6.8,7.11,6.72,7.11,6.82,0.29,4.25,56355.05,39136.3031
1616,300093.SZ,20140106,7.02,7.04,6.78,6.82,7.03,-0.21,-2.99,41577.76,28558.2126
1617,300093.SZ,20140103,6.9,7.08,6.83,7.03,6.89,0.14,2.03,64773.08,45217.3456
1618,300093.SZ,20140102,6.82,6.91,6.76,6.89,6.82,0.07,1.03,31412.82,21574.1977
1619,300093.SZ,20131231,6.81,6.95,6.7,6.82,6.79,0.03,0.44,31265.2,21268.387
1620,300093.SZ,20131230,6.66,6.86,6.56,6.79,6.64,0.15,2.26,38212.03,25873.0827
1621,300093.SZ,20131227,6.38,6.67,6.36,6.64,6.37,0.27,4.24,32821.27,21552.4541
1622,300093.SZ,20131226,6.65,6.68,6.33,6.37,6.64,-0.27,-4.07,27407.85,17892.3494
1623,300093.SZ,20131225,6.49,6.7,6.45,6.64,6.5,0.14,2.15,32373.28,21346.3548
1624,300093.SZ,20131224,6.36,6.5,6.36,6.5,6.44,0.06,0.93,28608.99,18424.0832
1625,300093.SZ,20131223,6.44,6.62,6.21,6.44,6.45,-0.01,-0.16,51737.88,32849.7037
1626,300093.SZ,20131220,6.74,6.76,6.42,6.45,6.75,-0.3,-4.44,33389.36,21950.538
1627,300093.SZ,20131219,6.85,6.94,6.72,6.75,6.8,-0.05,-0.74,21142.43,14483.9963
1628,300093.SZ,20131218,6.78,6.86,6.72,6.8,6.78,0.02,0.3,15681.62,10685.7083
1629,300093.SZ,20131217,6.88,6.95,6.74,6.78,6.96,-0.18,-2.59,27491.64,18795.3321
1630,300093.SZ,20131216,6.85,7.04,6.84,6.96,6.89,0.07,1.02,42504.12,29550.1971
1631,300093.SZ,20131213,6.79,6.98,6.71,6.89,6.79,0.1,1.47,30068.93,20752.5394
1632,300093.SZ,20131212,6.66,6.86,6.65,6.79,6.73,0.06,0.89,27324.42,18550.0582
1633,300093.SZ,20131211,6.93,6.97,6.66,6.73,6.98,-0.25,-3.58,42060.23,28679.3437
1634,300093.SZ,20131210,6.94,7.04,6.84,6.98,6.89,0.09,1.31,48365.88,33717.687
1635,300093.SZ,20131209,6.83,6.99,6.8,6.89,6.82,0.07,1.03,47863.07,33020.3324
1636,300093.SZ,20131206,6.73,6.86,6.72,6.82,6.76,0.06,0.89,35539.04,24174.4706
1637,300093.SZ,20131205,6.73,6.88,6.66,6.76,6.77,-0.01,-0.15,58238.34,39518.0531
1638,300093.SZ,20131204,6.75,6.95,6.71,6.77,6.81,-0.04,-0.59,90445.28,61842.285
1639,300093.SZ,20131203,6.65,6.88,6.46,6.81,6.93,-0.12,-1.73,78232.15,52378.7006
1640,300093.SZ,20131202,7.21,7.49,6.93,6.93,7.7,-0.77,-10.0,106849.4,75912.5182
1641,300093.SZ,20131129,7.79,7.79,7.54,7.7,7.83,-0.13,-1.66,114847.48,87755.1321
1642,300093.SZ,20131128,7.86,7.94,7.71,7.83,7.97,-0.14,-1.76,98913.88,77342.5925
1643,300093.SZ,20131127,7.81,8.12,7.65,7.97,7.81,0.16,2.05,123655.41,97698.0704
1644,300093.SZ,20131126,7.33,7.96,7.32,7.81,7.39,0.42,5.68,127836.36,97894.4814
1645,300093.SZ,20131125,7.28,7.64,7.18,7.39,7.32,0.07,0.96,98404.75,73514.2748
1646,300093.SZ,20131122,7.09,7.32,6.99,7.32,7.09,0.23,3.24,79912.88,57629.4258
1647,300093.SZ,20131121,7.08,7.32,7.0,7.09,7.14,-0.05,-0.7,76204.31,54524.1523
1648,300093.SZ,20131120,6.95,7.35,6.95,7.14,6.96,0.18,2.59,74719.87,53508.6803
1649,300093.SZ,20131119,6.95,7.07,6.89,6.96,7.04,-0.08,-1.14,66953.54,46572.7622
1650,300093.SZ,20131118,6.92,7.22,6.87,7.04,6.9,0.14,2.03,112275.9,79320.7207
1651,300093.SZ,20131115,6.97,7.23,6.9,6.9,7.03,-0.13,-1.85,123190.16,86785.3757
1652,300093.SZ,20131114,6.63,7.11,6.48,7.03,6.68,0.35,5.2395,112170.51,76852.3186
1653,300093.SZ,20131113,6.79,6.79,6.58,6.68,6.81,-0.13,-1.91,68814.16,45850.7863
1654,300093.SZ,20131112,6.42,6.92,6.37,6.81,6.46,0.35,5.42,98628.31,65953.029
1655,300093.SZ,20131111,6.48,6.52,6.25,6.46,6.46,0.0,0.0,42628.02,27225.9518
1656,300093.SZ,20131108,6.55,6.63,6.4,6.46,6.64,-0.18,-2.71,47279.35,30768.7346
1657,300093.SZ,20131107,6.54,6.74,6.38,6.64,6.59,0.05,0.76,65515.53,42752.199
1658,300093.SZ,20131106,6.63,6.78,6.53,6.59,6.76,-0.17,-2.51,101821.32,67798.0905
1659,300093.SZ,20131105,6.37,6.99,6.32,6.76,6.44,0.32,4.97,171385.64,115432.5175
1660,300093.SZ,20131104,6.58,6.6,6.35,6.44,6.37,0.07,1.1,81769.92,52970.4414
1661,300093.SZ,20131101,6.54,6.6,6.28,6.37,6.55,-0.18,-2.75,112820.11,72407.583
1662,300093.SZ,20131031,5.9,6.55,5.88,6.55,5.95,0.6,10.08,181345.43,116289.8441
1663,300093.SZ,20131030,5.86,6.0,5.79,5.95,5.94,0.01,0.17,34915.24,20548.028
1664,300093.SZ,20131029,6.32,6.36,5.75,5.94,6.31,-0.37,-5.86,59332.92,35908.3398
1665,300093.SZ,20131028,6.09,6.35,6.0,6.31,6.07,0.24,3.95,56496.08,35207.9866
1666,300093.SZ,20131025,6.06,6.14,5.98,6.07,6.05,0.02,0.33,20843.06,12658.4582
1667,300093.SZ,20131024,6.07,6.15,6.04,6.05,6.07,-0.02,-0.33,18579.21,11315.5276
1668,300093.SZ,20131023,6.3,6.37,6.0,6.07,6.26,-0.19,-3.04,42098.2,25878.9509
1669,300093.SZ,20131022,6.27,6.44,6.25,6.26,6.29,-0.03,-0.48,49118.63,31215.9975
1670,300093.SZ,20131021,6.19,6.38,6.16,6.29,6.18,0.11,1.78,33357.12,20944.88
1671,300093.SZ,20131018,6.1,6.2,6.07,6.18,6.12,0.06,0.98,23091.17,14196.1216
1672,300093.SZ,20131017,5.98,6.23,5.97,6.12,5.95,0.17,2.86,39380.59,23949.212
1673,300093.SZ,20131016,6.14,6.16,5.93,5.95,6.13,-0.18,-2.94,33036.18,19816.0736
1674,300093.SZ,20131015,6.25,6.26,6.09,6.13,6.21,-0.08,-1.29,30390.69,18766.6553
1675,300093.SZ,20131014,6.22,6.4,6.14,6.21,6.19,0.02,0.32,55685.05,34809.0167
1676,300093.SZ,20131011,6.1,6.24,6.06,6.19,6.08,0.11,1.81,42343.64,26011.7743
1677,300093.SZ,20131010,6.08,6.17,6.05,6.08,6.1,-0.02,-0.33,21706.98,13245.9593
1678,300093.SZ,20131009,6.03,6.13,6.03,6.1,6.06,0.04,0.66,24803.25,15105.9109
1679,300093.SZ,20131008,5.98,6.09,5.96,6.06,5.95,0.11,1.85,29400.39,17739.3967
1680,300093.SZ,20130930,5.93,5.96,5.89,5.95,5.85,0.1,1.71,11576.24,6864.5808
1681,300093.SZ,20130927,5.84,5.92,5.84,5.85,5.84,0.01,0.17,12114.62,7110.4978
1682,300093.SZ,20130926,5.93,5.97,5.84,5.84,5.92,-0.08,-1.35,17078.06,10086.5483
1683,300093.SZ,20130925,5.99,6.02,5.91,5.92,6.01,-0.09,-1.5,20988.8,12507.2333
1684,300093.SZ,20130924,6.0,6.05,5.96,6.01,6.02,-0.01,-0.17,20231.83,12144.6273
1685,300093.SZ,20130923,5.87,6.04,5.87,6.02,5.87,0.15,2.56,23572.57,14047.22
1686,300093.SZ,20130918,5.84,5.88,5.81,5.87,5.84,0.03,0.51,15492.97,9053.072
1687,300093.SZ,20130917,6.01,6.01,5.82,5.84,6.01,-0.17,-2.83,25602.56,15131.4399
1688,300093.SZ,20130916,6.03,6.06,5.97,6.01,6.03,-0.02,-0.33,23139.58,13938.1528
1689,300093.SZ,20130913,5.98,6.04,5.95,6.03,6.0,0.03,0.5,22314.36,13400.8326
1690,300093.SZ,20130912,5.95,6.03,5.95,6.0,5.96,0.04,0.67,17198.5,10309.8823
1691,300093.SZ,20130911,6.12,6.12,5.93,5.96,6.12,-0.16,-2.61,40648.67,24441.7621
1692,300093.SZ,20130910,6.06,6.12,6.04,6.12,6.07,0.05,0.82,25292.78,15389.9195
1693,300093.SZ,20130909,6.12,6.14,6.05,6.07,6.1,-0.03,-0.49,36623.99,22269.5068
1694,300093.SZ,20130906,6.09,6.16,6.04,6.1,6.11,-0.01,-0.16,25959.78,15804.9287
1695,300093.SZ,20130905,6.31,6.46,6.08,6.11,6.29,-0.18,-2.86,55508.33,34464.4324
1696,300093.SZ,20130904,6.22,6.36,6.13,6.29,6.23,0.06,0.96,54364.42,34106.5618
1697,300093.SZ,20130903,6.24,6.34,6.21,6.23,6.24,-0.01,-0.16,28503.47,17847.2206
1698,300093.SZ,20130902,6.09,6.38,6.01,6.24,6.09,0.15,2.46,38525.77,23855.3186
1699,300093.SZ,20130830,6.03,6.25,6.0,6.09,6.07,0.02,0.33,50892.14,31052.121
1700,300093.SZ,20130829,6.12,6.15,6.01,6.07,6.13,-0.06,-0.98,29607.44,17947.2598
1701,300093.SZ,20130828,6.2,6.25,6.06,6.13,6.24,-0.11,-1.76,38334.5,23661.0822
1702,300093.SZ,20130827,6.18,6.3,6.11,6.24,6.21,0.03,0.48,48557.3,30210.0167
1703,300093.SZ,20130826,6.0,6.37,5.99,6.21,6.01,0.2,3.33,72302.81,44503.0266
1704,300093.SZ,20130823,5.99,6.07,5.72,6.01,5.99,0.02,0.33,36069.11,21438.4082
1705,300093.SZ,20130822,5.94,6.04,5.91,5.99,6.0,-0.01,-0.17,29650.76,17710.5972
1706,300093.SZ,20130821,5.88,6.05,5.86,6.0,5.86,0.14,2.39,48646.16,29093.5812
1707,300093.SZ,20130820,5.8,5.94,5.73,5.86,5.77,0.09,1.56,25314.96,14804.1172
1708,300093.SZ,20130819,5.61,5.8,5.61,5.77,5.64,0.13,2.31,16583.37,9493.7158
1709,300093.SZ,20130816,5.79,5.89,5.61,5.64,5.79,-0.15,-2.59,25826.95,14844.2138
1710,300093.SZ,20130815,5.93,5.95,5.79,5.79,5.93,-0.14,-2.36,26699.19,15654.8046
1711,300093.SZ,20130814,6.05,6.07,5.9,5.93,6.0,-0.07,-1.17,27272.42,16294.0149
1712,300093.SZ,20130813,5.91,6.03,5.89,6.0,5.91,0.09,1.52,35552.73,21282.6652
1713,300093.SZ,20130812,5.83,5.97,5.83,5.91,5.87,0.04,0.68,27590.66,16252.6387
1714,300093.SZ,20130809,5.97,5.97,5.78,5.87,5.93,-0.06,-1.01,28305.67,16569.4384
1715,300093.SZ,20130808,5.8,5.97,5.77,5.93,5.79,0.14,2.42,27554.88,16207.3139
1716,300093.SZ,20130807,5.9,5.97,5.7,5.79,5.93,-0.14,-2.36,36639.12,21390.6664
1717,300093.SZ,20130806,6.05,6.05,5.88,5.93,6.01,-0.08,-1.33,39768.33,23644.1715
1718,300093.SZ,20130805,5.8,6.16,5.78,6.01,5.9,0.11,1.86,66073.86,39713.779
1719,300093.SZ,20130802,5.86,6.06,5.75,5.9,5.72,0.18,3.15,108560.94,63866.7234
1720,300093.SZ,20130801,5.5,5.75,5.5,5.72,5.51,0.21,3.81,54567.36,30774.5348
1721,300093.SZ,20130731,5.47,5.61,5.44,5.51,5.47,0.04,0.73,27348.0,15112.1858
1722,300093.SZ,20130730,5.5,5.52,5.34,5.47,5.49,-0.02,-0.36,25565.96,13846.0606
1723,300093.SZ,20130729,5.5,5.57,5.42,5.49,5.49,0.0,0.0,25665.53,14146.3723
1724,300093.SZ,20130726,5.39,5.58,5.38,5.49,5.38,0.11,2.04,28208.94,15488.6823
1725,300093.SZ,20130725,5.54,5.54,5.34,5.38,5.53,-0.15,-2.71,23704.11,12874.0338
1726,300093.SZ,20130724,5.5,5.54,5.39,5.53,5.47,0.06,1.1,32248.51,17659.3322
1727,300093.SZ,20130723,5.3,5.54,5.3,5.47,5.3,0.17,3.21,27953.87,15173.258
1728,300093.SZ,20130722,5.19,5.31,5.12,5.3,5.22,0.08,1.53,16435.66,8597.2646
1729,300093.SZ,20130719,5.45,5.48,5.21,5.22,5.41,-0.19,-3.51,24850.52,13371.5556
1730,300093.SZ,20130718,5.37,5.46,5.31,5.41,5.41,0.0,0.0,20422.79,11023.0738
1731,300093.SZ,20130717,5.47,5.51,5.4,5.41,5.49,-0.08,-1.46,24659.25,13440.8438
1732,300093.SZ,20130716,5.43,5.54,5.39,5.49,5.39,0.1,1.86,33050.97,18048.1565
1733,300093.SZ,20130715,5.32,5.41,5.3,5.39,5.32,0.07,1.32,25850.01,13850.7806
1734,300093.SZ,20130712,5.32,5.44,5.29,5.32,5.37,-0.05,-0.93,22968.19,12339.8636
1735,300093.SZ,20130711,5.22,5.4,5.2,5.37,5.24,0.13,2.48,30187.62,16102.562
1736,300093.SZ,20130710,5.13,5.25,5.11,5.24,5.1,0.14,2.75,19875.56,10309.6179
1737,300093.SZ,20130709,5.07,5.14,5.05,5.1,5.09,0.01,0.2,15178.89,7746.8538
1738,300093.SZ,20130708,5.39,5.4,5.08,5.09,5.48,-0.39,-7.12,30691.76,16113.8911
1739,300093.SZ,20130705,5.58,5.6,5.45,5.48,5.56,-0.08,-1.44,27150.05,14962.1959
1740,300093.SZ,20130704,5.5,5.64,5.46,5.56,5.54,0.02,0.36,31206.27,17372.6425
1741,300093.SZ,20130703,5.63,5.64,5.37,5.54,5.61,-0.07,-1.25,30296.8,16788.6113
1742,300093.SZ,20130702,5.54,5.65,5.52,5.61,5.56,0.05,0.9,28835.34,16130.4508
1743,300093.SZ,20130701,5.45,5.58,5.4,5.56,5.46,0.1,1.83,24051.19,13251.1497
1744,300093.SZ,20130628,5.53,5.68,5.41,5.46,5.6,-0.14,-2.5,35134.7,19340.5866
1745,300093.SZ,20130627,5.85,5.91,5.58,5.6,5.86,-0.26,-4.44,55728.66,32135.6221
1746,300093.SZ,20130626,5.75,5.93,5.61,5.88,5.84,0.04,0.68,53810.59,31175.34
1747,300093.SZ,20130625,5.94,6.0,5.54,5.84,6.15,-0.31,-5.04,89075.07,50783.603
1748,300093.SZ,20130624,6.63,6.78,6.06,6.15,6.72,-0.57,-8.48,86410.55,55424.5853
1749,300093.SZ,20130621,6.55,6.83,6.36,6.72,6.5,0.22,3.38,123533.58,82561.074
1750,300093.SZ,20130620,6.61,6.64,6.43,6.5,6.67,-0.17,-2.55,65886.9,43197.0594
1751,300093.SZ,20130619,6.26,6.74,6.16,6.67,6.33,0.34,5.37,120557.87,79039.5571
1752,300093.SZ,20130618,6.32,6.33,6.13,6.33,6.33,0.0,0.0,31989.41,19913.4928
1753,300093.SZ,20130617,6.26,6.44,6.22,6.33,6.25,0.08,1.28,34800.94,22033.7701
1754,300093.SZ,20130614,6.1,6.69,6.05,6.25,6.08,0.17,2.8,46620.73,29370.4872
1755,300093.SZ,20130613,6.16,6.19,5.98,6.08,6.08,0.0,0.0,26323.56,15985.7012
1756,300093.SZ,20130607,6.2,6.26,6.02,6.08,6.19,-0.11,-1.78,21898.76,13392.986
1757,300093.SZ,20130606,6.32,6.34,6.16,6.19,6.37,-0.18,-2.83,30427.8,19006.1302
1758,300093.SZ,20130605,6.3,6.43,6.22,6.37,6.28,0.09,1.43,51158.29,32340.1455
1759,300093.SZ,20130604,6.34,6.41,6.16,6.28,6.33,-0.05,-0.79,35797.56,22493.2424
1760,300093.SZ,20130603,6.37,6.41,6.27,6.33,6.38,-0.05,-0.78,26772.87,16981.8159
1761,300093.SZ,20130531,6.44,6.47,6.35,6.38,6.41,-0.03,-0.47,28827.1,18498.3714
1762,300093.SZ,20130530,6.42,6.46,6.34,6.41,6.45,-0.04,-0.62,28545.39,18265.0501
1763,300093.SZ,20130529,6.4,6.48,6.32,6.45,6.38,0.07,1.1,31996.74,20527.8519
1764,300093.SZ,20130528,6.45,6.58,6.37,6.38,6.45,-0.07,-1.09,43135.66,27867.4701
1765,300093.SZ,20130527,6.44,6.49,6.37,6.45,6.44,0.01,0.16,31010.4,19950.7239
1766,300093.SZ,20130524,6.27,6.45,6.27,6.44,6.27,0.17,2.71,32041.66,20400.8448
1767,300093.SZ,20130523,6.33,6.43,6.26,6.27,6.43,-0.16,-2.49,37146.02,23527.5395
1768,300093.SZ,20130522,6.63,6.74,6.38,6.43,6.5,-0.07,-1.08,58429.35,38172.5412
1769,300093.SZ,20130521,6.46,6.63,6.38,6.5,6.5,0.0,0.0,73854.87,48128.4709
1770,300093.SZ,20130520,6.15,6.54,6.15,6.5,6.15,0.35,5.69,69552.89,44040.7532
1771,300093.SZ,20130517,6.09,6.19,6.02,6.15,6.08,0.07,1.15,29471.04,18071.9067
1772,300093.SZ,20130516,6.09,6.2,6.03,6.08,6.08,0.0,0.0,46131.31,28283.1993
1773,300093.SZ,20130515,5.94,6.24,5.94,6.08,5.94,0.14,2.36,29853.05,18128.4955
1774,300093.SZ,20130514,6.03,6.03,5.9,5.94,6.03,-0.09,-1.49,16564.86,9846.7811
1775,300093.SZ,20130513,6.04,6.06,5.97,6.03,6.03,0.0,0.0,18303.29,11008.5802
1776,300093.SZ,20130510,5.93,6.05,5.89,6.03,5.97,0.06,1.01,19573.62,11713.8146
1777,300093.SZ,20130509,6.01,6.01,5.89,5.97,6.02,-0.05,-0.83,21524.97,12820.233
1778,300093.SZ,20130508,5.97,6.04,5.95,6.02,5.97,0.05,0.84,17519.17,10503.6881
1779,300093.SZ,20130507,5.98,6.01,5.92,5.97,6.0,-0.03,-0.5,15443.37,9202.247
1780,300093.SZ,20130506,5.91,6.0,5.83,6.0,5.91,0.09,1.52,23856.66,14173.7312
1781,300093.SZ,20130503,5.81,5.96,5.8,5.91,5.8,0.11,1.9,19709.33,11633.8588
1782,300093.SZ,20130502,5.75,5.8,5.67,5.8,5.73,0.07,1.22,9417.95,5400.405
1783,300093.SZ,20130426,5.76,5.86,5.69,5.73,5.76,-0.03,-0.52,15809.04,9130.3765
1784,300093.SZ,20130425,5.79,5.91,5.72,5.76,5.78,-0.02,-0.35,21667.96,12617.4104
1785,300093.SZ,20130424,5.71,5.79,5.65,5.78,5.68,0.1,1.76,12263.16,7052.1699
1786,300093.SZ,20130423,5.82,5.82,5.63,5.68,5.83,-0.15,-2.57,12770.78,7310.1365
1787,300093.SZ,20130422,5.77,5.83,5.75,5.83,5.82,0.01,0.17,13080.79,7572.2225
1788,300093.SZ,20130419,5.75,5.84,5.73,5.82,5.72,0.1,1.75,14565.68,8446.7633
1789,300093.SZ,20130418,5.66,5.79,5.63,5.72,5.69,0.03,0.53,10840.99,6212.5787
1790,300093.SZ,20130417,5.65,5.71,5.61,5.69,5.68,0.01,0.18,7471.55,4225.2806
1791,300093.SZ,20130416,5.56,5.68,5.56,5.68,5.59,0.09,1.61,8631.71,4851.2267
1792,300093.SZ,20130415,5.72,5.73,5.58,5.59,5.7,-0.11,-1.93,9536.11,5361.4087
1793,300093.SZ,20130412,5.82,5.87,5.69,5.7,5.81,-0.11,-1.89,12907.06,7449.993
1794,300093.SZ,20130411,5.92,5.92,5.79,5.81,5.89,-0.08,-1.36,7745.27,4522.2784
1795,300093.SZ,20130410,5.83,5.93,5.78,5.89,5.84,0.05,0.86,14860.34,8712.3743
1796,300093.SZ,20130409,5.83,5.91,5.8,5.84,5.81,0.03,0.52,12855.96,7540.0206
1797,300093.SZ,20130408,5.76,5.82,5.66,5.81,5.81,0.0,0.0,14878.06,8537.0114
1798,300093.SZ,20130403,5.71,5.82,5.58,5.81,5.7,0.11,1.93,16044.89,9157.8298
1799,300093.SZ,20130402,5.76,5.79,5.68,5.7,5.73,-0.03,-0.52,10070.62,5768.7973
1800,300093.SZ,20130401,5.67,5.79,5.67,5.73,5.69,0.04,0.7,11190.01,6433.7598
1801,300093.SZ,20130329,5.68,5.74,5.67,5.69,5.69,0.0,0.0,11045.69,6295.5737
1802,300093.SZ,20130328,5.9,5.92,5.69,5.69,5.93,-0.24,-4.05,20902.03,12044.0883
1803,300093.SZ,20130327,5.89,5.96,5.89,5.93,5.92,0.01,0.17,12781.38,7584.2431
1804,300093.SZ,20130326,6.0,6.04,5.85,5.92,6.01,-0.09,-1.5,15830.08,9365.0446
1805,300093.SZ,20130325,6.05,6.12,5.99,6.01,6.0,0.01,0.17,23545.17,14218.7778
1806,300093.SZ,20130322,5.98,6.02,5.93,6.0,5.99,0.01,0.17,21896.97,13096.0033
1807,300093.SZ,20130321,5.93,6.06,5.9,5.99,5.92,0.07,1.18,35806.05,21386.0887
1808,300093.SZ,20130320,5.8,5.94,5.77,5.92,5.8,0.12,2.07,43863.95,25805.9944
1809,300093.SZ,20130319,5.89,5.89,5.71,5.8,5.82,-0.02,-0.34,24565.16,14214.9274
1810,300093.SZ,20130318,6.09,6.12,5.79,5.82,6.16,-0.34,-5.52,29749.59,17667.8685
1811,300093.SZ,20130315,6.19,6.23,6.07,6.16,6.19,-0.03,-0.48,18833.8,11565.1095
1812,300093.SZ,20130314,6.17,6.25,6.16,6.19,6.21,-0.02,-0.32,9592.14,5947.5201
1813,300093.SZ,20130313,6.26,6.32,6.16,6.21,6.31,-0.1,-1.58,13055.86,8112.1604
1814,300093.SZ,20130312,6.6,6.65,6.22,6.31,6.56,-0.25,-3.81,29074.56,18661.6908
1815,300093.SZ,20130311,6.58,6.62,6.5,6.56,6.58,-0.02,-0.3,13299.75,8725.579
1816,300093.SZ,20130308,6.65,6.66,6.53,6.58,6.64,-0.06,-0.9,15215.09,10041.3895
1817,300093.SZ,20130307,6.6,6.71,6.54,6.64,6.64,0.0,0.0,31307.59,20757.9733
1818,300093.SZ,20130306,6.55,6.66,6.5,6.64,6.54,0.1,1.53,37414.25,24684.1766
1819,300093.SZ,20130305,6.3,6.58,6.25,6.54,6.33,0.21,3.32,31864.22,20510.2452
1820,300093.SZ,20130304,6.57,6.57,6.29,6.33,6.63,-0.3,-4.52,29601.09,19075.7854
1821,300093.SZ,20130301,6.56,6.63,6.49,6.63,6.54,0.09,1.38,34202.02,22422.7488
1822,300093.SZ,20130228,6.42,6.55,6.4,6.54,6.39,0.15,2.35,26312.95,17057.5416
1823,300093.SZ,20130227,6.41,6.45,6.32,6.39,6.43,-0.04,-0.62,20266.64,12931.4128
1824,300093.SZ,20130226,6.58,6.63,6.43,6.43,6.63,-0.2,-3.02,27053.99,17681.2058
1825,300093.SZ,20130225,6.7,6.76,6.55,6.63,6.58,0.05,0.76,25475.66,16920.6981
1826,300093.SZ,20130222,6.47,6.62,6.46,6.58,6.5,0.08,1.23,24896.2,16312.4765
1827,300093.SZ,20130221,6.57,6.74,6.4,6.5,6.63,-0.13,-1.96,41407.93,27332.436
1828,300093.SZ,20130220,6.55,6.65,6.45,6.63,6.58,0.05,0.76,27855.48,18298.5954
1829,300093.SZ,20130219,6.55,6.81,6.45,6.58,6.55,0.03,0.46,43309.44,28644.9973
1830,300093.SZ,20130218,6.5,6.59,6.47,6.55,6.5,0.05,0.77,23474.91,15361.7632
1831,300093.SZ,20130208,6.4,6.54,6.38,6.5,6.41,0.09,1.4,18796.1,12198.4699
1832,300093.SZ,20130207,6.32,6.41,6.32,6.41,6.4,0.01,0.16,14807.38,9424.9007
1833,300093.SZ,20130206,6.37,6.61,6.3,6.4,6.25,0.15,2.4,43724.0,28234.928
1834,300093.SZ,20130205,6.24,6.27,6.17,6.25,6.25,0.0,0.0,18827.09,11708.9788
1835,300093.SZ,20130204,6.2,6.27,6.16,6.25,6.2,0.05,0.81,23613.23,14670.0466
1836,300093.SZ,20130201,6.21,6.22,6.12,6.2,6.18,0.02,0.32,14413.9,8899.298
1837,300093.SZ,20130131,6.26,6.28,6.13,6.18,6.41,-0.23,-3.59,32390.54,20034.1195
1838,300093.SZ,20130130,6.46,6.48,6.35,6.41,6.41,0.0,0.0,15809.58,10118.8747
1839,300093.SZ,20130129,6.34,6.44,6.34,6.41,6.34,0.07,1.1,15023.69,9612.1242
1840,300093.SZ,20130128,6.2,6.35,6.2,6.34,6.2,0.14,2.26,15626.34,9857.7052
1841,300093.SZ,20130125,6.2,6.3,6.15,6.2,6.21,-0.01,-0.16,11988.56,7459.587
1842,300093.SZ,20130124,6.47,6.53,6.16,6.21,6.47,-0.26,-4.02,25413.84,16132.8691
1843,300093.SZ,20130123,6.48,6.56,6.34,6.47,6.5,-0.03,-0.46,18393.72,11840.5164
1844,300093.SZ,20130122,6.66,6.66,6.46,6.5,6.68,-0.18,-2.69,22317.9,14653.0305
1845,300093.SZ,20130121,6.66,6.69,6.6,6.68,6.68,0.0,0.0,22211.72,14764.8962
1846,300093.SZ,20130118,6.62,6.69,6.53,6.68,6.61,0.07,1.06,29074.93,19251.6424
1847,300093.SZ,20130117,6.62,6.76,6.58,6.61,6.67,-0.06,-0.9,21302.44,14152.7135
1848,300093.SZ,20130116,6.68,6.77,6.51,6.67,6.78,-0.11,-1.62,40446.13,26934.1568
1849,300093.SZ,20130115,6.57,7.14,6.57,6.78,6.56,0.22,3.35,75549.63,51443.0835
1850,300093.SZ,20130114,6.3,6.57,6.29,6.56,6.35,0.21,3.31,32491.9,21022.6796
1851,300093.SZ,20130111,6.59,6.62,6.28,6.35,6.58,-0.23,-3.5,34602.07,22294.1615
1852,300093.SZ,20130110,6.65,6.69,6.5,6.58,6.55,0.03,0.46,28746.2,18972.8619
1853,300093.SZ,20130109,6.61,6.65,6.43,6.55,6.61,-0.06,-0.91,23923.49,15640.0331
1854,300093.SZ,20130108,6.52,6.65,6.47,6.61,6.5,0.11,1.69,36337.69,23888.7846
1855,300093.SZ,20130107,6.39,6.51,6.33,6.5,6.39,0.11,1.72,32862.4,21203.5854
1856,300093.SZ,20130104,6.33,6.48,6.22,6.39,6.3,0.09,1.43,32967.41,21035.0972
1857,300093.SZ,20121231,6.31,6.34,6.22,6.3,6.31,-0.01,-0.16,12944.32,8134.9846
1858,300093.SZ,20121228,6.28,6.36,6.22,6.31,6.3,0.01,0.16,15144.64,9538.8481
1859,300093.SZ,20121227,6.43,6.47,6.27,6.3,6.42,-0.12,-1.87,19020.19,12055.8396
1860,300093.SZ,20121226,6.36,6.45,6.29,6.42,6.36,0.06,0.94,23366.72,14910.1824
1861,300093.SZ,20121225,6.19,6.43,6.09,6.36,6.17,0.19,3.08,28352.67,17775.7433
1862,300093.SZ,20121224,6.15,6.19,6.07,6.17,6.18,-0.01,-0.16,9765.85,5998.9127
1863,300093.SZ,20121221,6.16,6.33,6.11,6.18,6.16,0.02,0.32,22280.73,13827.7966
1864,300093.SZ,20121220,6.27,6.32,6.04,6.16,6.17,-0.01,-0.16,17671.02,10878.4232
1865,300093.SZ,20121219,6.19,6.24,6.13,6.17,6.19,-0.02,-0.32,11692.77,7229.3393
1866,300093.SZ,20121218,6.16,6.39,6.1,6.19,6.12,0.07,1.14,39302.09,24693.9475
1867,300093.SZ,20121217,6.09,6.12,6.0,6.12,6.07,0.05,0.82,22750.47,13790.5333
1868,300093.SZ,20121214,5.84,6.14,5.81,6.07,5.79,0.28,4.84,28645.22,17177.3392
1869,300093.SZ,20121213,5.88,5.94,5.79,5.79,5.88,-0.09,-1.53,10652.42,6219.2888
1870,300093.SZ,20121212,5.86,5.98,5.84,5.88,5.93,-0.05,-0.84,11099.48,6545.4747
1871,300093.SZ,20121211,5.95,6.07,5.85,5.93,5.98,-0.05,-0.84,22806.32,13632.8239
1872,300093.SZ,20121210,5.88,6.06,5.86,5.98,5.86,0.12,2.05,17673.57,10548.2904
1873,300093.SZ,20121207,5.71,5.93,5.69,5.86,5.75,0.11,1.91,17207.31,10053.3737
1874,300093.SZ,20121206,5.75,5.81,5.68,5.75,5.75,0.0,0.0,11463.88,6584.7618
1875,300093.SZ,20121205,5.52,5.8,5.47,5.75,5.54,0.21,3.79,13887.26,7930.5997
1876,300093.SZ,20121204,5.45,5.55,5.36,5.54,5.51,0.03,0.54,10396.34,5656.7823
1877,300093.SZ,20121203,5.8,5.8,5.51,5.51,5.77,-0.26,-4.51,11731.27,6543.83
1878,300093.SZ,20121130,5.67,5.79,5.62,5.77,5.65,0.12,2.12,9235.1,5298.8627
1879,300093.SZ,20121129,5.73,5.81,5.6,5.65,5.74,-0.09,-1.57,8240.92,4711.1413
1880,300093.SZ,20121128,5.92,5.96,5.64,5.74,5.88,-0.14,-2.38,19160.77,11072.2459
1881,300093.SZ,20121127,6.34,6.34,5.88,5.88,6.32,-0.44,-6.96,20842.98,12589.7547
1882,300093.SZ,20121126,6.35,6.41,6.28,6.32,6.35,-0.03,-0.47,6837.9,4337.0546
1883,300093.SZ,20121123,6.28,6.37,6.28,6.35,6.28,0.07,1.11,9633.57,6091.6113
1884,300093.SZ,20121122,6.33,6.37,6.27,6.28,6.36,-0.08,-1.26,8976.03,5679.0921
1885,300093.SZ,20121121,6.29,6.37,6.22,6.36,6.25,0.11,1.76,9090.42,5725.1673
1886,300093.SZ,20121120,6.34,6.39,6.25,6.25,6.31,-0.06,-0.95,7281.98,4597.8154
1887,300093.SZ,20121119,6.3,6.36,6.22,6.31,6.32,-0.01,-0.16,6474.21,4059.5527
1888,300093.SZ,20121116,6.26,6.33,6.18,6.32,6.25,0.07,1.12,7565.39,4725.7871
1889,300093.SZ,20121115,6.43,6.44,6.25,6.25,6.43,-0.18,-2.8,11727.7,7433.9636
1890,300093.SZ,20121114,6.35,6.46,6.35,6.43,6.37,0.06,0.94,6857.43,4388.2089
1891,300093.SZ,20121113,6.5,6.51,6.35,6.37,6.51,-0.14,-2.15,12565.77,8032.9807
1892,300093.SZ,20121112,6.5,6.55,6.44,6.51,6.49,0.02,0.31,15060.88,9761.0131
1893,300093.SZ,20121109,6.58,6.64,6.46,6.49,6.78,-0.29,-4.28,36386.12,23789.8369
1894,300093.SZ,20121108,7.0,7.23,6.76,6.78,6.8,-0.02,-0.29,63072.98,44216.6357
1895,300093.SZ,20121107,6.7,6.9,6.55,6.8,6.66,0.14,2.1,28937.2,19610.5867
1896,300093.SZ,20121106,6.96,7.0,6.55,6.66,6.97,-0.31,-4.45,29573.14,19663.5571
1897,300093.SZ,20121105,6.96,7.05,6.9,6.97,6.96,0.01,0.14,13898.62,9693.1928
1898,300093.SZ,20121102,6.96,6.97,6.86,6.96,6.93,0.03,0.43,16841.91,11643.0597
1899,300093.SZ,20121101,6.76,7.02,6.76,6.93,6.83,0.1,1.46,28606.54,19825.9036
1900,300093.SZ,20121031,6.68,6.9,6.68,6.83,6.71,0.12,1.79,24170.14,16496.6417
1901,300093.SZ,20121030,6.71,6.77,6.61,6.71,6.74,-0.03,-0.45,16994.35,11369.2911
1902,300093.SZ,20121029,6.75,6.8,6.68,6.74,6.74,0.0,0.0,10036.87,6777.6359
1903,300093.SZ,20121026,6.93,6.93,6.66,6.74,6.99,-0.25,-3.58,32411.85,21944.9357
1904,300093.SZ,20121025,6.7,7.05,6.7,6.99,6.72,0.27,4.02,83894.05,57954.9907
1905,300093.SZ,20121024,6.56,6.84,6.5,6.72,6.6,0.12,1.82,32344.93,21722.2092
1906,300093.SZ,20121023,6.64,6.74,6.6,6.6,6.68,-0.08,-1.2,15373.86,10263.2627
1907,300093.SZ,20121022,6.63,6.7,6.59,6.68,6.71,-0.03,-0.45,16882.48,11209.9325
1908,300093.SZ,20121019,6.65,6.76,6.64,6.71,6.67,0.04,0.6,21217.18,14209.6566
1909,300093.SZ,20121018,6.56,6.69,6.56,6.67,6.56,0.11,1.68,16350.08,10866.6805
1910,300093.SZ,20121017,6.59,6.64,6.44,6.56,6.54,0.02,0.31,11184.9,7318.6926
1911,300093.SZ,20121016,6.51,6.62,6.48,6.54,6.47,0.07,1.08,12992.33,8525.6978
1912,300093.SZ,20121015,6.55,6.61,6.4,6.47,6.55,-0.08,-1.22,13905.5,9009.8812
1913,300093.SZ,20121012,6.65,6.73,6.47,6.55,6.65,-0.1,-1.5,20701.19,13582.5552
1914,300093.SZ,20121011,6.8,6.81,6.62,6.65,6.84,-0.19,-2.78,27064.32,18174.7736
1915,300093.SZ,20121010,6.68,6.88,6.65,6.84,6.73,0.11,1.63,34618.62,23468.1591
1916,300093.SZ,20121009,6.56,6.75,6.54,6.73,6.54,0.19,2.91,29138.05,19427.0417
1917,300093.SZ,20121008,6.55,6.61,6.47,6.54,6.55,-0.01,-0.15,16078.74,10492.8325
1918,300093.SZ,20120928,6.41,6.58,6.31,6.55,6.41,0.14,2.18,22156.09,14347.8957
1919,300093.SZ,20120927,6.35,6.56,6.32,6.41,6.33,0.08,1.26,27794.32,17907.0616
1920,300093.SZ,20120926,6.48,6.53,6.3,6.33,6.48,-0.15,-2.31,20261.31,12970.3639
1921,300093.SZ,20120925,6.59,6.61,6.36,6.48,6.63,-0.15,-2.26,25949.54,16806.4568
1922,300093.SZ,20120924,6.63,6.69,6.46,6.63,6.71,-0.08,-1.19,26263.27,17236.8964
1923,300093.SZ,20120921,7.11,7.16,6.68,6.71,7.1,-0.39,-5.49,56314.14,38651.1361
1924,300093.SZ,20120920,7.43,7.48,7.05,7.1,7.58,-0.48,-6.33,71608.54,51850.8353
1925,300093.SZ,20120919,7.2,7.76,7.1,7.58,7.4,0.18,2.43,142500.68,106075.9555
1926,300093.SZ,20120918,7.02,7.72,7.01,7.4,7.02,0.38,5.41,157556.86,119179.3691
1927,300093.SZ,20120917,7.26,7.26,7.0,7.02,7.26,-0.24,-3.31,28833.01,20467.675
1928,300093.SZ,20120914,7.16,7.34,7.04,7.26,7.13,0.13,1.82,31559.03,22674.4869
1929,300093.SZ,20120913,7.4,7.4,7.13,7.13,7.43,-0.3,-4.04,36946.3,26866.4087
1930,300093.SZ,20120912,7.31,7.48,7.26,7.43,7.23,0.2,2.77,85553.3,63070.1537
1931,300093.SZ,20120911,7.07,7.25,6.97,7.23,7.08,0.15,2.12,37328.96,26481.7932
1932,300093.SZ,20120910,7.04,7.23,7.0,7.08,7.04,0.04,0.57,39325.2,27964.1849
1933,300093.SZ,20120907,6.71,7.05,6.71,7.04,6.7,0.34,5.07,51367.93,35616.5149
1934,300093.SZ,20120906,6.62,6.73,6.62,6.7,6.61,0.09,1.36,15228.3,10153.3397
1935,300093.SZ,20120905,6.59,6.66,6.49,6.61,6.56,0.05,0.76,15894.17,10452.4656
1936,300093.SZ,20120904,6.72,6.74,6.56,6.56,6.74,-0.18,-2.67,20674.01,13763.237
1937,300093.SZ,20120903,6.54,6.78,6.49,6.74,6.58,0.16,2.43,30109.44,20100.2949
1938,300093.SZ,20120831,6.49,6.62,6.43,6.58,6.52,0.06,0.92,30684.6,20045.3089
1939,300093.SZ,20120830,6.88,6.91,6.45,6.52,6.92,-0.4,-5.78,33579.37,22346.7421
1940,300093.SZ,20120829,6.97,7.02,6.85,6.92,6.96,-0.04,-0.57,18793.39,13078.994
1941,300093.SZ,20120828,6.92,6.97,6.8,6.96,6.94,0.02,0.29,22633.17,15583.4224
1942,300093.SZ,20120827,7.05,7.05,6.74,6.94,7.08,-0.14,-1.98,35372.41,24558.3433
1943,300093.SZ,20120824,7.05,7.16,6.98,7.08,7.07,0.01,0.14,45054.19,31852.4218
1944,300093.SZ,20120823,6.92,7.11,6.88,7.07,7.0,0.07,1.0,40951.56,28835.4494
1945,300093.SZ,20120822,6.9,7.09,6.86,7.0,6.92,0.08,1.16,38299.16,26707.3304
1946,300093.SZ,20120821,6.8,6.95,6.76,6.92,6.82,0.1,1.47,23689.07,16311.5827
1947,300093.SZ,20120820,6.74,6.85,6.61,6.82,6.81,0.01,0.15,27789.11,18745.6095
1948,300093.SZ,20120817,6.86,6.89,6.63,6.81,6.86,-0.05,-0.73,20629.3,13906.3324
1949,300093.SZ,20120816,6.89,6.95,6.81,6.86,6.9,-0.04,-0.58,24138.43,16653.8179
1950,300093.SZ,20120815,6.87,7.04,6.77,6.9,6.92,-0.02,-0.29,33637.61,23289.7544
1951,300093.SZ,20120814,6.95,6.95,6.75,6.92,6.92,0.0,0.0,21569.37,14742.9146
1952,300093.SZ,20120813,6.99,7.15,6.91,6.92,7.02,-0.1,-1.42,37970.23,26629.5761
1953,300093.SZ,20120810,6.97,7.06,6.94,7.02,7.0,0.02,0.29,32956.89,23095.3067
1954,300093.SZ,20120809,6.88,7.03,6.83,7.0,6.9,0.1,1.45,26339.02,18269.3799
1955,300093.SZ,20120808,6.96,7.0,6.8,6.9,6.95,-0.05,-0.72,25523.31,17592.0143
1956,300093.SZ,20120807,7.04,7.13,6.89,6.95,7.1,-0.15,-2.11,34056.08,23822.4055
1957,300093.SZ,20120806,6.88,7.15,6.83,7.1,6.95,0.15,2.16,32878.31,22992.8356
1958,300093.SZ,20120803,7.19,7.19,6.84,6.95,6.93,0.02,0.29,43061.66,30004.6627
1959,300093.SZ,20120802,6.69,7.13,6.69,6.93,6.74,0.19,2.82,49456.3,34230.2865
1960,300093.SZ,20120801,6.63,6.88,6.53,6.74,6.62,0.12,1.81,31024.36,20817.0321
1961,300093.SZ,20120731,6.41,7.06,6.2,6.62,6.42,0.2,3.12,49500.98,32904.7355
1962,300093.SZ,20120730,6.49,6.54,6.26,6.42,6.49,-0.07,-1.08,20448.25,13071.684
1963,300093.SZ,20120727,6.48,6.51,6.41,6.49,6.46,0.03,0.46,10184.26,6566.1319
1964,300093.SZ,20120726,6.42,6.55,6.39,6.46,6.42,0.04,0.62,16360.49,10556.6247
1965,300093.SZ,20120725,6.34,6.53,6.33,6.42,6.46,-0.04,-0.62,15338.01,9862.6532
1966,300093.SZ,20120724,6.21,6.77,6.21,6.46,6.26,0.2,3.19,30165.82,19632.9096
1967,300093.SZ,20120723,6.27,6.33,6.17,6.26,6.28,-0.02,-0.32,14623.0,9159.068
1968,300093.SZ,20120720,6.34,6.38,6.23,6.28,6.33,-0.05,-0.79,13309.89,8415.2238
1969,300093.SZ,20120719,6.29,6.47,6.27,6.33,6.28,0.05,0.8,19910.48,12705.408
1970,300093.SZ,20120718,6.24,6.3,6.14,6.28,6.22,0.06,0.96,10984.16,6845.7952
1971,300093.SZ,20120717,6.24,6.28,6.13,6.22,6.17,0.05,0.81,8796.31,5468.445
1972,300093.SZ,20120716,6.55,6.6,6.17,6.17,6.55,-0.38,-5.8,29126.5,18309.9798
1973,300093.SZ,20120713,6.77,6.82,6.53,6.55,6.82,-0.27,-3.96,30362.9,20302.9094
1974,300093.SZ,20120712,6.85,6.85,6.65,6.82,6.83,-0.01,-0.15,21696.98,14663.9851
1975,300093.SZ,20120711,6.76,6.84,6.71,6.83,6.74,0.09,1.34,12876.23,8733.2243
1976,300093.SZ,20120710,6.96,7.0,6.69,6.74,6.94,-0.2,-2.88,25550.65,17401.7268
1977,300093.SZ,20120709,7.34,7.37,6.92,6.94,7.37,-0.43,-5.83,35040.83,24959.3797
1978,300093.SZ,20120706,7.31,7.37,7.08,7.37,7.22,0.15,2.08,29182.49,21142.5514
1979,300093.SZ,20120705,7.4,7.4,7.15,7.22,7.42,-0.2,-2.7,22526.34,16351.1547
1980,300093.SZ,20120704,7.47,7.56,7.38,7.42,7.46,-0.04,-0.54,23550.38,17581.1932
1981,300093.SZ,20120703,7.39,7.56,7.32,7.48,7.38,0.1,1.36,34409.4,25601.0966
1982,300093.SZ,20120702,7.33,7.45,7.26,7.38,7.28,0.1,1.37,28215.82,20728.7219
1983,300093.SZ,20120629,7.15,7.28,6.95,7.28,7.23,0.05,0.69,36717.82,26048.1654
1984,300093.SZ,20120628,7.33,7.4,7.19,7.23,7.33,-0.1,-1.36,22390.48,16281.1852
1985,300093.SZ,20120627,7.35,7.58,7.3,7.33,7.36,-0.03,-0.41,27459.28,20434.9518
1986,300093.SZ,20120626,7.36,7.46,7.16,7.36,7.5,-0.14,-1.87,30249.56,22109.4095
1987,300093.SZ,20120625,7.76,7.98,7.49,7.5,7.74,-0.24,-3.1,63208.29,49307.336
1988,300093.SZ,20120621,7.65,7.89,7.65,7.74,7.64,0.1,1.31,59367.45,46168.8299
1989,300093.SZ,20120620,7.71,7.78,7.51,7.64,7.66,-0.02,-0.26,35198.09,26838.8075
1990,300093.SZ,20120619,7.75,7.93,7.66,7.66,7.85,-0.19,-2.42,46234.53,36017.4601
1991,300093.SZ,20120618,7.68,8.09,7.65,7.85,7.61,0.24,3.15,98004.16,77117.8401
1992,300093.SZ,20120615,7.41,7.62,7.29,7.61,7.39,0.22,2.98,46238.61,34505.1354
1993,300093.SZ,20120614,7.52,7.58,7.33,7.39,7.59,-0.2,-2.64,34454.02,25656.5528
1994,300093.SZ,20120613,7.51,7.59,7.31,7.59,7.5,0.09,1.2,47208.41,35223.676
1995,300093.SZ,20120612,7.24,7.57,7.21,7.5,7.27,0.23,3.16,53852.0,39855.3675
1996,300093.SZ,20120611,7.03,7.27,7.0,7.27,7.0,0.27,3.86,29111.26,20878.25
1997,300093.SZ,20120608,7.15,7.2,7.0,7.0,7.08,-0.08,-1.13,23205.05,16472.1996
1998,300093.SZ,20120607,7.31,7.37,7.08,7.08,7.23,-0.15,-2.07,26460.74,19065.2293
1999,300093.SZ,20120606,7.29,7.33,7.13,7.23,7.26,-0.03,-0.41,24863.59,17951.6059
2000,300093.SZ,20120605,7.26,7.31,7.15,7.26,7.24,0.02,0.28,28797.96,20837.7675
2001,300093.SZ,20120604,7.28,7.43,7.21,7.24,7.41,-0.17,-2.29,43770.76,31963.9764
2002,300093.SZ,20120601,7.53,7.65,7.35,7.41,7.54,-0.13,-1.72,47102.32,35358.2936
2003,300093.SZ,20120531,7.51,7.61,7.36,7.54,7.63,-0.09,-1.18,65186.98,48739.5001
2004,300093.SZ,20120530,7.79,7.83,7.56,7.63,7.63,0.0,0.0,143427.52,110364.5626
2005,300093.SZ,20120529,6.96,7.63,6.95,7.63,6.94,0.69,9.94,118087.26,89637.6971
2006,300093.SZ,20120528,6.73,6.96,6.65,6.94,6.8,0.14,2.06,16740.5,11399.0747
2007,300093.SZ,20120525,7.07,7.11,6.73,6.8,7.05,-0.25,-3.55,19668.33,13581.3159
2008,300093.SZ,20120524,6.94,7.19,6.94,7.05,7.01,0.04,0.57,23750.49,16845.5343
2009,300093.SZ,20120523,6.96,7.07,6.93,7.01,6.99,0.02,0.29,13400.84,9379.4485
2010,300093.SZ,20120522,6.91,7.02,6.88,6.99,6.87,0.12,1.75,12396.16,8628.5914
2011,300093.SZ,20120521,6.86,6.97,6.82,6.87,6.92,-0.05,-0.72,12050.95,8308.8799
2012,300093.SZ,20120518,7.03,7.08,6.88,6.92,7.01,-0.09,-1.28,16657.48,11639.576
2013,300093.SZ,20120517,6.84,7.03,6.83,7.01,6.83,0.18,2.64,13501.1,9381.0808
2014,300093.SZ,20120516,6.94,6.94,6.78,6.83,6.93,-0.1,-1.44,10538.1,7227.6054
2015,300093.SZ,20120515,6.98,6.98,6.8,6.93,7.01,-0.08,-1.14,14515.83,9983.0982
2016,300093.SZ,20120514,7.19,7.19,7.0,7.01,7.08,-0.07,-0.99,19413.74,13736.4158
2017,300093.SZ,20120511,7.11,7.16,7.03,7.08,7.09,-0.01,-0.14,13752.14,9742.5826
2018,300093.SZ,20120510,7.0,7.12,6.99,7.09,7.01,0.08,1.14,18807.91,13292.1863
2019,300093.SZ,20120509,7.19,7.19,6.99,7.01,7.26,-0.25,-3.44,27628.19,19556.9406
2020,300093.SZ,20120508,7.27,7.34,7.25,7.26,7.28,-0.02,-0.27,21752.74,15852.954
2021,300093.SZ,20120507,7.22,7.28,7.13,7.28,7.23,0.05,0.69,25024.99,18047.431
2022,300093.SZ,20120504,7.22,7.35,7.14,7.23,7.21,0.02,0.28,21159.61,15312.7969
2023,300093.SZ,20120503,7.1,7.26,7.06,7.21,7.21,0.0,0.0,31159.29,22277.1642
2024,300093.SZ,20120502,6.96,7.44,6.93,7.21,6.85,0.36,5.26,55262.62,39710.3031
2025,300093.SZ,20120427,6.87,6.96,6.82,6.85,6.85,0.0,0.0,13959.19,9622.7616
2026,300093.SZ,20120426,6.85,6.91,6.78,6.85,6.86,-0.01,-0.15,14859.88,10186.438
2027,300093.SZ,20120425,6.73,6.93,6.66,6.86,6.74,0.12,1.78,21615.68,14704.5692
2028,300093.SZ,20120424,6.58,6.8,6.51,6.74,6.68,0.06,0.9,27535.1,18299.1814
2029,300093.SZ,20120423,7.2,7.2,6.68,6.68,7.22,-0.54,-7.48,48528.77,33223.6997
2030,300093.SZ,20120420,7.24,7.3,7.13,7.22,7.27,-0.05,-0.69,24826.82,17900.8143
2031,300093.SZ,20120419,7.21,7.33,7.15,7.27,7.23,0.04,0.55,26807.31,19401.9698
2032,300093.SZ,20120418,7.05,7.26,7.01,7.23,7.04,0.19,2.7,34785.7,24937.8667
2033,300093.SZ,20120417,7.01,7.18,7.01,7.04,7.07,-0.03,-0.42,22135.09,15681.6446
2034,300093.SZ,20120416,6.98,7.12,6.93,7.07,7.04,0.03,0.43,18852.04,13250.9416
2035,300093.SZ,20120413,6.99,7.11,6.97,7.04,6.98,0.06,0.86,20541.78,14458.5
2036,300093.SZ,20120412,6.81,7.03,6.78,6.98,6.79,0.19,2.8,24602.14,17002.9462
2037,300093.SZ,20120411,6.72,6.84,6.66,6.79,6.76,0.03,0.44,13788.96,9325.926
2038,300093.SZ,20120410,6.67,6.78,6.5,6.76,6.69,0.07,1.05,17034.02,11325.8852
2039,300093.SZ,20120409,6.85,6.85,6.68,6.69,6.88,-0.19,-2.76,18439.11,12436.4116
2040,300093.SZ,20120406,6.87,6.95,6.8,6.88,6.89,-0.01,-0.15,17872.94,12269.1794
2041,300093.SZ,20120405,6.78,6.92,6.7,6.89,6.7,0.19,2.84,17086.6,11649.7617
2042,300093.SZ,20120330,6.73,6.75,6.59,6.7,6.68,0.02,0.3,12993.86,8663.4801
2043,300093.SZ,20120329,6.64,6.82,6.58,6.68,6.72,-0.04,-0.6,18244.27,12269.608
2044,300093.SZ,20120328,7.14,7.14,6.72,6.72,7.16,-0.44,-6.15,26736.0,18442.2555
2045,300093.SZ,20120327,7.22,7.25,7.15,7.16,7.17,-0.01,-0.14,14979.09,10783.2799
2046,300093.SZ,20120326,7.16,7.21,7.12,7.17,7.19,-0.02,-0.28,16155.71,11559.6878
2047,300093.SZ,20120323,7.25,7.35,7.16,7.19,7.31,-0.12,-1.64,20207.76,14624.0289
2048,300093.SZ,20120322,7.38,7.42,7.21,7.31,7.37,-0.06,-0.81,22743.69,16653.9902
2049,300093.SZ,20120321,7.36,7.43,7.2,7.37,7.35,0.02,0.27,30490.49,22322.517
2050,300093.SZ,20120320,7.65,7.65,7.34,7.35,7.65,-0.3,-3.92,50839.56,37793.5462
2051,300093.SZ,20120319,7.58,7.69,7.48,7.65,7.57,0.08,1.06,30426.49,23126.9824
2052,300093.SZ,20120316,7.48,7.58,7.36,7.57,7.42,0.15,2.02,32889.59,24640.6
2053,300093.SZ,20120315,7.72,7.87,7.28,7.42,7.78,-0.36,-4.63,51926.96,39011.281
2054,300093.SZ,20120314,8.34,8.51,7.7,7.78,8.36,-0.58,-6.94,98394.16,81354.1651
2055,300093.SZ,20120313,8.18,8.56,8.16,8.36,8.22,0.14,1.7,85299.63,71196.4575
2056,300093.SZ,20120312,8.2,8.27,8.09,8.22,8.2,0.02,0.24,39005.69,31915.3658
2057,300093.SZ,20120309,8.15,8.21,8.06,8.2,8.11,0.09,1.11,34160.22,27835.478
2058,300093.SZ,20120308,7.94,8.13,7.91,8.11,7.91,0.2,2.53,27266.02,21914.8974
2059,300093.SZ,20120307,7.85,8.05,7.79,7.91,7.96,-0.05,-0.63,19820.15,15724.0339
2060,300093.SZ,20120306,8.07,8.08,7.87,7.96,8.1,-0.14,-1.73,20693.94,16479.989
2061,300093.SZ,20120305,8.2,8.25,8.08,8.1,8.19,-0.09,-1.1,23347.15,19067.0424
2062,300093.SZ,20120302,8.06,8.25,8.02,8.19,8.05,0.14,1.74,24844.69,20179.5456
2063,300093.SZ,20120301,8.03,8.09,7.94,8.05,7.97,0.08,1.0,20261.03,16265.3381
2064,300093.SZ,20120229,8.08,8.12,7.93,7.97,8.09,-0.12,-1.48,21430.22,17173.4986
2065,300093.SZ,20120228,8.19,8.26,7.96,8.09,8.3,-0.21,-2.53,37736.64,30525.9451
2066,300093.SZ,20120227,8.45,8.45,8.2,8.3,8.28,0.02,0.24,52721.28,43845.6454
2067,300093.SZ,20120223,8.34,8.42,8.12,8.28,8.34,-0.06,-0.72,45489.88,37702.4305
2068,300093.SZ,20120222,8.0,8.45,7.96,8.34,8.01,0.33,4.12,75470.11,62052.3834
2069,300093.SZ,20120221,7.89,8.01,7.73,8.01,7.92,0.09,1.14,21243.65,16754.1754
2070,300093.SZ,20120220,8.05,8.12,7.92,7.92,7.94,-0.02,-0.25,36298.3,29067.9315
2071,300093.SZ,20120217,8.07,8.16,7.79,7.94,8.07,-0.13,-1.61,26606.26,21136.6764
2072,300093.SZ,20120216,8.02,8.15,7.89,8.07,8.09,-0.02,-0.25,31685.7,25453.253
2073,300093.SZ,20120215,7.8,8.18,7.71,8.09,7.85,0.24,3.06,38595.7,30843.9505
2074,300093.SZ,20120214,7.87,7.89,7.7,7.85,7.86,-0.01,-0.13,16804.08,13113.2867
2075,300093.SZ,20120213,7.65,7.94,7.6,7.86,7.76,0.1,1.29,28906.08,22618.1919
2076,300093.SZ,20120210,7.78,7.88,7.7,7.76,7.83,-0.07,-0.89,26504.11,20590.2341
2077,300093.SZ,20120209,7.7,8.04,7.68,7.83,7.7,0.13,1.69,39082.26,30649.2254
2078,300093.SZ,20120208,7.51,7.79,7.45,7.7,7.54,0.16,2.12,24035.94,18378.4515
2079,300093.SZ,20120207,7.66,7.77,7.44,7.54,7.77,-0.23,-2.96,18838.63,14312.5975
2080,300093.SZ,20120206,7.57,8.14,7.48,7.77,7.55,0.22,2.91,38598.32,30187.7425
2081,300093.SZ,20120203,7.34,7.6,7.3,7.55,7.35,0.2,2.72,26326.82,19631.1105
2082,300093.SZ,20120202,7.18,7.39,7.1,7.35,7.18,0.17,2.37,13927.84,10092.3315
2083,300093.SZ,20120201,7.15,7.34,7.1,7.18,7.14,0.04,0.56,10681.87,7717.4759
2084,300093.SZ,20120131,7.25,7.25,6.99,7.14,7.25,-0.11,-1.52,11694.89,8282.4333
2085,300093.SZ,20120130,7.35,7.43,7.2,7.25,7.33,-0.08,-1.09,14948.66,10945.223
2086,300093.SZ,20120120,7.44,7.5,7.17,7.33,7.34,-0.01,-0.14,20270.32,14843.9128
2087,300093.SZ,20120119,6.9,7.45,6.73,7.34,6.97,0.37,5.31,23494.6,16800.7426
2088,300093.SZ,20120118,7.24,7.29,6.88,6.97,7.18,-0.21,-2.92,24703.93,17643.8188
2089,300093.SZ,20120117,6.55,7.24,6.54,7.18,6.58,0.6,9.12,20723.22,14434.2171
2090,300093.SZ,20120116,6.81,6.9,6.58,6.58,6.91,-0.33,-4.78,12816.9,8624.1007
2091,300093.SZ,20120113,7.4,7.4,6.85,6.91,7.39,-0.48,-6.5,29985.02,21154.1212
2092,300093.SZ,20120112,7.34,7.65,7.33,7.39,7.43,-0.04,-0.54,20061.07,15056.3523
2093,300093.SZ,20120111,7.6,7.68,7.3,7.43,7.61,-0.18,-2.37,36767.09,27737.3815
2094,300093.SZ,20120110,7.0,7.65,6.93,7.61,6.95,0.66,9.5,45480.92,33744.4905
2095,300093.SZ,20120109,6.52,7.0,6.41,6.95,6.54,0.41,6.27,25857.52,17633.408
2096,300093.SZ,20120106,6.46,6.62,6.23,6.54,6.45,0.09,1.4,18856.92,12045.874
2097,300093.SZ,20120105,6.82,6.83,6.39,6.45,6.88,-0.43,-6.25,19235.25,12739.6677
2098,300093.SZ,20120104,7.25,7.38,6.84,6.88,7.23,-0.35,-4.84,14751.2,10607.9779
2099,300093.SZ,20111230,7.2,7.32,7.13,7.23,7.14,0.09,1.26,13378.2,9694.0574
2100,300093.SZ,20111229,7.13,7.3,6.99,7.14,7.13,0.01,0.14,12783.18,9218.4769
2101,300093.SZ,20111227,7.33,7.4,7.09,7.13,7.42,-0.29,-3.91,13534.02,9798.3161
2102,300093.SZ,20111226,7.51,7.66,7.31,7.42,7.54,-0.12,-1.59,11499.66,8625.4053
2103,300093.SZ,20111223,7.45,7.69,7.35,7.54,7.47,0.07,0.94,13081.25,9855.2968
2104,300093.SZ,20111222,7.59,7.59,7.15,7.47,7.68,-0.21,-2.73,20923.07,15374.8345
2105,300093.SZ,20111221,8.2,8.22,7.62,7.68,8.13,-0.45,-5.54,23961.2,19079.7261
2106,300093.SZ,20111220,8.14,8.46,8.1,8.13,8.18,-0.05,-0.61,39450.43,32669.8637
2107,300093.SZ,20111219,7.96,8.36,7.81,8.18,7.69,0.49,6.37,57659.28,46700.9973
2108,300093.SZ,20111215,8.42,8.42,7.6,7.69,8.37,-0.68,-8.12,21515.2,17205.2727
2109,300093.SZ,20111214,8.55,8.64,8.35,8.37,8.56,-0.19,-2.22,8618.68,7316.3007
2110,300093.SZ,20111213,8.92,8.93,8.5,8.56,9.05,-0.49,-5.41,14829.25,12814.7841
2111,300093.SZ,20111212,9.3,9.3,8.99,9.05,9.25,-0.2,-2.16,9367.84,8548.1817
2112,300093.SZ,20111209,9.23,9.46,9.18,9.25,9.46,-0.21,-2.22,10875.92,10068.6216
2113,300093.SZ,20111208,9.35,9.56,9.16,9.46,9.42,0.04,0.42,10594.34,9951.9541
2114,300093.SZ,20111207,9.47,9.52,9.32,9.42,9.42,0.0,0.0,6520.47,6153.4198
2115,300093.SZ,20111206,9.29,9.48,9.2,9.42,9.4,0.02,0.21,7420.44,6937.781
2116,300093.SZ,20111205,9.52,9.72,9.22,9.4,9.51,-0.11,-1.16,8552.72,8114.6848
2117,300093.SZ,20111202,9.7,9.71,9.48,9.51,9.72,-0.21,-2.16,10953.36,10501.8748
2118,300093.SZ,20111201,9.79,9.97,9.7,9.72,9.45,0.27,2.86,24645.5,24205.9435
2119,300093.SZ,20111130,10.14,10.17,9.39,9.45,10.15,-0.7,-6.9,25685.41,24967.7843
2120,300093.SZ,20111129,10.15,10.21,10.0,10.15,10.04,0.11,1.1,16976.13,17165.7449
2121,300093.SZ,20111128,9.74,10.08,9.72,10.04,9.72,0.32,3.29,18172.13,17988.5722
2122,300093.SZ,20111125,9.73,10.0,9.7,9.72,9.87,-0.15,-1.52,15348.42,15112.7613
2123,300093.SZ,20111124,10.05,10.12,9.68,9.87,10.13,-0.26,-2.57,21573.57,21305.5936
2124,300093.SZ,20111123,10.31,10.37,10.05,10.13,10.29,-0.16,-1.55,14079.34,14394.0717
2125,300093.SZ,20111122,10.09,10.29,10.01,10.29,10.22,0.07,0.68,18622.43,18962.5993
2126,300093.SZ,20111121,10.34,10.34,10.01,10.22,10.26,-0.04,-0.39,24639.77,24984.8732
2127,300093.SZ,20111118,10.9,10.91,10.2,10.26,11.0,-0.74,-6.73,42019.78,44381.4328
2128,300093.SZ,20111117,11.35,11.43,10.88,11.0,11.28,-0.28,-2.48,43926.82,48753.2005
2129,300093.SZ,20111116,11.6,11.95,11.2,11.28,11.71,-0.43,-3.67,43206.9,50299.2324
2130,300093.SZ,20111115,11.99,12.11,11.55,11.71,11.83,-0.12,-1.01,57295.21,67654.964
2131,300093.SZ,20111111,11.16,11.92,10.97,11.83,11.18,0.65,5.81,76739.52,88549.3957
2132,300093.SZ,20111110,11.05,11.58,10.87,11.18,11.18,0.0,0.0,51204.11,57596.7644
2133,300093.SZ,20111109,10.93,11.18,10.75,11.18,10.94,0.24,2.19,31003.45,33955.4068
2134,300093.SZ,20111108,11.37,11.54,10.9,10.94,11.23,-0.29,-2.58,27917.98,31122.7894
2135,300093.SZ,20111107,11.13,11.74,11.05,11.23,11.33,-0.1,-0.88,43574.13,49714.8966
2136,300093.SZ,20111104,10.83,11.47,10.64,11.33,10.83,0.5,4.62,58906.03,65218.3597
2137,300093.SZ,20111103,10.59,11.3,10.5,10.83,10.58,0.25,2.36,48621.17,52855.4793
2138,300093.SZ,20111102,10.07,10.64,10.02,10.58,10.3,0.28,2.72,33990.24,35253.2433
2139,300093.SZ,20111101,10.15,10.4,10.07,10.3,10.27,0.03,0.29,21289.94,21810.0236
2140,300093.SZ,20111031,10.07,10.42,9.97,10.27,10.11,0.16,1.58,26399.13,27024.3008
2141,300093.SZ,20111028,10.0,10.15,9.83,10.11,9.86,0.25,2.54,28678.43,28611.7359
2142,300093.SZ,20111027,10.06,10.27,9.8,9.86,10.06,-0.2,-1.99,27939.04,27971.5033
2143,300093.SZ,20111026,9.68,10.15,9.55,10.06,9.83,0.23,2.34,26187.08,25894.0025
2144,300093.SZ,20111025,9.55,9.88,9.55,9.83,9.63,0.2,2.08,14624.54,14275.6702
2145,300093.SZ,20111024,9.58,9.67,9.15,9.63,9.5,0.13,1.37,12350.69,11689.2428
2146,300093.SZ,20111021,9.71,9.87,9.43,9.5,9.76,-0.26,-2.66,11042.52,10623.143
2147,300093.SZ,20111020,10.14,10.14,9.7,9.76,10.14,-0.38,-3.75,12125.51,11902.2396
2148,300093.SZ,20111019,10.36,10.48,9.98,10.14,10.33,-0.19,-1.84,15004.52,15220.7958
2149,300093.SZ,20111018,10.65,10.74,10.3,10.33,10.75,-0.42,-3.91,13917.76,14619.6141
2150,300093.SZ,20111017,10.85,10.92,10.63,10.75,10.78,-0.03,-0.28,16333.18,17583.2225
2151,300093.SZ,20111014,11.13,11.25,10.5,10.78,11.22,-0.44,-3.92,29302.6,31637.887
2152,300093.SZ,20111013,11.03,11.24,10.95,11.22,11.0,0.22,2.0,14127.76,15708.5606
2153,300093.SZ,20111012,10.51,11.05,10.29,11.0,10.63,0.37,3.48,13987.58,15127.6515
2154,300093.SZ,20111011,10.9,10.93,10.48,10.63,10.6,0.03,0.28,8131.3,8727.5035
2155,300093.SZ,20111010,10.76,11.0,10.52,10.6,10.78,-0.18,-1.67,5081.91,5448.3827
2156,300093.SZ,20110930,11.0,11.05,10.62,10.78,10.88,-0.1,-0.92,6326.88,6823.8487
2157,300093.SZ,20110929,11.19,11.19,10.68,10.88,11.19,-0.31,-2.77,10703.59,11621.5737
2158,300093.SZ,20110928,11.4,11.5,11.15,11.19,11.36,-0.17,-1.5,5918.21,6710.2223
2159,300093.SZ,20110927,11.38,11.59,11.15,11.36,11.28,0.08,0.71,7473.83,8486.8503
2160,300093.SZ,20110926,11.19,11.36,11.09,11.28,11.19,0.09,0.8,8323.97,9354.657
2161,300093.SZ,20110923,11.05,11.27,10.89,11.19,11.29,-0.1,-0.89,10447.04,11601.443
2162,300093.SZ,20110922,11.7,11.72,11.25,11.29,11.75,-0.46,-3.91,13323.85,15317.298
2163,300093.SZ,20110921,11.31,11.8,11.28,11.75,11.31,0.44,3.89,18100.79,20982.8218
2164,300093.SZ,20110920,11.36,11.5,11.24,11.31,11.3,0.01,0.09,8829.58,9999.8066
2165,300093.SZ,20110919,11.66,11.66,11.3,11.3,11.7,-0.4,-3.42,11878.01,13605.8155
2166,300093.SZ,20110916,12.06,12.11,11.7,11.7,11.96,-0.26,-2.17,18580.37,22034.4601
2167,300093.SZ,20110915,12.15,12.25,11.96,11.96,12.11,-0.15,-1.24,14193.63,17180.3599
2168,300093.SZ,20110914,11.94,12.11,11.8,12.11,11.89,0.22,1.85,10135.43,12150.1059
2169,300093.SZ,20110913,11.9,11.94,11.68,11.89,12.12,-0.23,-1.9,8841.9,10455.339
2170,300093.SZ,20110909,12.4,12.44,12.11,12.12,12.31,-0.19,-1.54,12534.35,15338.4465
2171,300093.SZ,20110908,12.61,12.74,12.31,12.31,12.61,-0.3,-2.38,16122.01,20179.6204
2172,300093.SZ,20110907,12.38,12.61,12.21,12.61,12.24,0.37,3.02,17636.61,21962.7445
2173,300093.SZ,20110906,12.5,12.58,12.1,12.24,12.59,-0.35,-2.78,13657.61,16827.7315
2174,300093.SZ,20110905,12.9,12.97,12.59,12.59,13.09,-0.5,-3.82,17275.4,21944.2992
2175,300093.SZ,20110902,13.15,13.3,12.88,13.09,13.17,-0.08,-0.61,13564.17,17713.6388
2176,300093.SZ,20110901,13.3,13.46,13.02,13.17,13.15,0.02,0.15,19139.47,25366.868
2177,300093.SZ,20110831,13.52,13.55,13.13,13.15,13.51,-0.36,-2.66,22168.5,29394.9023
2178,300093.SZ,20110830,13.98,14.09,13.41,13.51,13.86,-0.35,-2.53,31784.51,43809.8317
2179,300093.SZ,20110829,13.81,14.18,13.75,13.86,13.92,-0.06,-0.43,40389.98,56564.5219
2180,300093.SZ,20110826,13.62,13.98,13.5,13.92,13.67,0.25,1.83,38724.44,53498.3878
2181,300093.SZ,20110825,13.53,13.79,13.35,13.67,13.56,0.11,0.81,37086.17,50408.5481
2182,300093.SZ,20110824,13.68,13.95,13.51,13.56,13.48,0.08,0.59,33906.3,46343.0916
2183,300093.SZ,20110823,13.22,13.48,13.04,13.48,13.06,0.42,3.22,26436.41,34999.879
2184,300093.SZ,20110822,13.08,13.4,13.0,13.06,13.09,-0.03,-0.23,15961.23,21033.1312
2185,300093.SZ,20110819,12.98,13.14,12.7,13.09,13.26,-0.17,-1.28,26031.34,33687.9045
2186,300093.SZ,20110818,13.91,13.91,13.22,13.26,13.91,-0.65,-4.67,40527.05,54902.1351
2187,300093.SZ,20110817,13.5,14.15,13.4,13.91,13.62,0.29,2.13,46904.39,64934.4447
2188,300093.SZ,20110816,13.38,13.78,13.22,13.62,13.35,0.27,2.02,49006.9,66419.1036
2189,300093.SZ,20110815,13.02,13.42,13.01,13.35,13.02,0.33,2.53,27920.89,37039.5128
2190,300093.SZ,20110812,13.09,13.37,13.01,13.02,12.94,0.08,0.62,24398.55,32045.3492
2191,300093.SZ,20110811,12.3,13.0,12.21,12.94,12.6,0.34,2.7,30355.65,38816.1629
2192,300093.SZ,20110810,12.78,13.06,12.54,12.6,12.41,0.19,1.53,29507.0,37819.3545
2193,300093.SZ,20110809,11.95,12.66,11.75,12.41,12.57,-0.16,-1.27,24524.69,29982.2783
2194,300093.SZ,20110808,13.4,13.65,12.5,12.57,13.77,-1.2,-8.71,40341.94,52205.9818
2195,300093.SZ,20110805,13.2,14.2,12.8,13.77,13.88,-0.11,-0.79,52618.1,72346.5134
2196,300093.SZ,20110804,13.99,14.17,13.7,13.88,14.02,-0.14,-1.0,33570.4,46762.7833
2197,300093.SZ,20110803,13.38,14.38,13.28,14.02,13.56,0.46,3.39,66301.51,93220.3159
2198,300093.SZ,20110802,13.12,13.6,12.8,13.56,13.25,0.31,2.34,31246.28,41412.021
2199,300093.SZ,20110801,12.9,13.37,12.78,13.25,13.07,0.18,1.38,23218.12,30467.656
2200,300093.SZ,20110728,12.93,13.11,12.79,13.07,13.22,-0.15,-1.13,17148.71,22207.9316
2201,300093.SZ,20110727,12.98,13.32,12.74,13.22,12.98,0.24,1.85,19624.16,25774.9641
2202,300093.SZ,20110726,12.79,13.15,12.7,12.98,12.76,0.22,1.72,19745.33,25497.188
2203,300093.SZ,20110725,13.68,13.68,12.68,12.76,13.86,-1.1,-7.94,52020.76,67823.0082
2204,300093.SZ,20110722,14.03,14.15,13.75,13.86,13.9,-0.04,-0.29,24377.7,34014.0952
2205,300093.SZ,20110721,14.45,14.52,13.9,13.9,14.47,-0.57,-3.94,33723.96,47689.2295
2206,300093.SZ,20110720,14.05,14.47,13.92,14.47,13.98,0.49,3.51,43289.04,61485.6144
2207,300093.SZ,20110719,14.21,14.23,13.78,13.98,14.26,-0.28,-1.96,31626.45,43983.8954
2208,300093.SZ,20110718,14.45,14.58,14.16,14.26,14.48,-0.22,-1.52,42782.94,61422.7121
2209,300093.SZ,20110715,14.03,14.6,13.91,14.48,14.1,0.38,2.7,87189.91,125720.0646
2210,300093.SZ,20110714,13.48,14.3,13.48,14.1,13.55,0.55,4.06,64514.5,89326.5191
2211,300093.SZ,20110713,13.15,13.6,13.15,13.55,13.2,0.35,2.65,36461.89,48796.2728
2212,300093.SZ,20110712,13.75,13.75,13.18,13.2,13.83,-0.63,-4.56,35426.31,47573.0142
2213,300093.SZ,20110711,13.63,13.96,13.53,13.83,13.73,0.1,0.73,19610.12,27106.1473
2214,300093.SZ,20110708,14.05,14.05,13.6,13.73,14.05,-0.32,-2.28,26529.7,36487.5997
2215,300093.SZ,20110707,14.32,14.35,13.8,14.05,14.33,-0.28,-1.95,57774.81,81418.0895
2216,300093.SZ,20110706,14.06,14.5,13.99,14.33,14.02,0.31,2.21,71327.61,101603.1257
2217,300093.SZ,20110705,14.18,14.29,13.96,14.02,14.4,-0.38,-2.64,63678.53,89610.6966
2218,300093.SZ,20110704,13.6,14.45,13.6,14.4,13.77,0.63,4.58,76246.41,107171.1666
2219,300093.SZ,20110701,13.6,14.15,13.51,13.77,13.89,-0.12,-0.86,64526.67,89352.1892
2220,300093.SZ,20110630,12.67,13.9,12.66,13.89,12.72,1.17,9.2,73683.87,99752.5161
2221,300093.SZ,20110629,13.34,13.38,12.66,12.72,13.27,-0.55,-4.14,36955.45,48098.0437
2222,300093.SZ,20110628,24.56,24.65,23.82,23.98,24.76,-0.78,-3.15,30779.86,74056.5884
2223,300093.SZ,20110627,22.7,24.76,22.7,24.76,22.51,2.25,10.0,30982.71,75810.2669
2224,300093.SZ,20110624,22.24,22.87,22.2,22.51,22.16,0.35,1.58,11744.69,26430.4013
2225,300093.SZ,20110623,21.8,22.44,21.42,22.16,21.69,0.47,2.17,9754.15,21570.485
2226,300093.SZ,20110622,21.45,22.05,21.0,21.69,21.17,0.52,2.46,8962.8,19364.882
2227,300093.SZ,20110621,20.7,21.4,20.7,21.17,20.89,0.28,1.34,2765.26,5821.5818
2228,300093.SZ,20110620,21.27,21.36,20.56,20.89,21.22,-0.33,-1.56,2759.05,5796.295
2229,300093.SZ,20110617,21.16,21.66,21.13,21.22,21.27,-0.05,-0.24,3020.5,6426.85
2230,300093.SZ,20110616,22.35,22.6,21.27,21.27,22.79,-1.52,-6.67,6810.11,14809.0054
2231,300093.SZ,20110615,23.5,23.66,22.6,22.79,23.49,-0.7,-2.98,8821.68,20327.1764
2232,300093.SZ,20110614,23.5,23.74,23.26,23.49,23.59,-0.1,-0.42,5426.4,12746.3439
2233,300093.SZ,20110613,23.71,23.79,23.05,23.59,23.93,-0.34,-1.42,4180.08,9811.7612
2234,300093.SZ,20110610,23.68,24.6,23.44,23.93,23.68,0.25,1.06,4739.63,11315.7167
2235,300093.SZ,20110609,24.1,24.19,23.4,23.68,24.19,-0.51,-2.11,2955.11,7028.3882
2236,300093.SZ,20110608,24.1,24.43,23.96,24.19,24.41,-0.22,-0.9,2272.67,5483.7103
2237,300093.SZ,20110607,24.24,24.48,23.82,24.41,24.26,0.15,0.62,2187.21,5304.5692
2238,300093.SZ,20110603,23.7,24.4,23.7,24.26,23.98,0.28,1.17,2936.3,7089.1072
2239,300093.SZ,20110602,24.16,24.25,23.6,23.98,24.5,-0.52,-2.12,2568.17,6128.878
2240,300093.SZ,20110601,24.38,24.6,24.11,24.5,24.38,0.12,0.49,2591.72,6339.3611
2241,300093.SZ,20110531,24.29,24.38,23.62,24.38,24.09,0.29,1.2,3268.04,7852.3142
2242,300093.SZ,20110530,24.09,24.99,23.38,24.09,24.11,-0.02,-0.08,2161.32,5242.5508
2243,300093.SZ,20110527,24.77,24.8,23.9,24.11,24.76,-0.65,-2.63,3403.12,8288.6257
2244,300093.SZ,20110526,24.74,25.19,24.7,24.76,24.95,-0.19,-0.76,2419.21,6027.6834
2245,300093.SZ,20110525,25.16,25.4,24.6,24.95,25.42,-0.47,-1.85,3083.05,7710.9936
2246,300093.SZ,20110524,24.31,25.52,23.88,25.42,24.55,0.87,3.54,6876.74,17236.502
2247,300093.SZ,20110523,24.88,25.3,24.3,24.55,25.12,-0.57,-2.27,3699.47,9142.962
2248,300093.SZ,20110520,24.85,25.4,24.71,25.12,25.29,-0.17,-0.67,2988.0,7455.7159
2249,300093.SZ,20110519,25.45,25.64,25.15,25.29,25.3,-0.01,-0.04,2559.0,6501.7034
2250,300093.SZ,20110518,25.15,25.45,24.94,25.3,25.24,0.06,0.24,2406.85,6059.3982
2251,300093.SZ,20110517,25.48,25.79,24.49,25.24,25.64,-0.4,-1.56,5462.73,13625.3456
2252,300093.SZ,20110516,25.52,25.92,25.1,25.64,25.69,-0.05,-0.19,2833.65,7265.6647
2253,300093.SZ,20110513,25.58,25.89,25.0,25.69,25.72,-0.03,-0.12,4212.2,10725.0047
2254,300093.SZ,20110512,26.29,26.29,25.53,25.72,26.26,-0.54,-2.06,3522.74,9064.5932
2255,300093.SZ,20110511,26.33,26.43,25.82,26.26,26.13,0.13,0.5,4581.7,11996.8065
2256,300093.SZ,20110509,25.7,26.5,25.67,26.13,25.66,0.47,1.83,4961.22,13002.9152
2257,300093.SZ,20110506,25.6,25.95,25.24,25.66,25.77,-0.11,-0.43,4294.15,11016.1993
2258,300093.SZ,20110505,25.6,25.91,25.0,25.77,25.65,0.12,0.47,8798.53,22397.9323
2259,300093.SZ,20110504,27.39,27.39,25.33,25.65,27.39,-1.74,-6.35,6199.09,16277.5258
2260,300093.SZ,20110503,27.05,27.5,26.85,27.39,26.98,0.41,1.52,3268.04,8862.621
2261,300093.SZ,20110429,26.71,27.2,26.4,26.98,26.7,0.28,1.05,4901.52,13193.1801
2262,300093.SZ,20110428,26.45,26.84,26.0,26.7,26.45,0.25,0.95,6619.47,17505.4521
2263,300093.SZ,20110427,28.0,28.0,26.01,26.45,28.0,-1.55,-5.54,6084.94,16338.0932
2264,300093.SZ,20110426,29.93,30.0,27.3,28.0,29.92,-1.92,-6.42,8868.91,24874.0767
2265,300093.SZ,20110425,30.48,30.5,29.91,29.92,30.48,-0.56,-1.84,2134.62,6441.0055
2266,300093.SZ,20110422,30.32,30.7,30.25,30.48,30.32,0.16,0.53,2288.24,6984.6549
2267,300093.SZ,20110421,30.48,30.48,29.61,30.32,30.48,-0.16,-0.52,3230.54,9664.8914
2268,300093.SZ,20110420,31.21,32.1,29.4,30.48,30.74,-0.26,-0.85,7017.84,21490.3549
2269,300093.SZ,20110418,31.2,31.3,30.32,30.74,31.2,-0.46,-1.47,3380.81,10344.552
2270,300093.SZ,20110415,31.04,31.29,30.41,31.2,31.07,0.13,0.42,3221.7,9921.2672
2271,300093.SZ,20110414,31.11,31.55,30.71,31.07,31.56,-0.49,-1.55,2847.94,8866.3287
2272,300093.SZ,20110413,30.72,31.59,30.28,31.56,31.0,0.56,1.81,4090.51,12811.0783
2273,300093.SZ,20110412,31.39,31.4,30.71,31.0,31.39,-0.39,-1.24,2697.59,8388.8405
2274,300093.SZ,20110411,32.14,32.14,30.95,31.39,32.21,-0.82,-2.55,4307.38,13500.4973
2275,300093.SZ,20110408,32.3,32.3,31.72,32.21,32.25,-0.04,-0.12,2714.1,8676.2465
2276,300093.SZ,20110407,31.96,32.3,31.47,32.25,32.0,0.25,0.78,2606.36,8309.083
2277,300093.SZ,20110406,31.5,32.25,31.25,32.0,31.67,0.33,1.04,4522.43,14411.6502
2278,300093.SZ,20110401,30.91,31.67,30.6,31.67,31.0,0.67,2.16,5093.31,15896.4703
2279,300093.SZ,20110331,31.21,31.85,30.89,31.0,31.5,-0.5,-1.59,3006.2,9421.107
2280,300093.SZ,20110330,31.5,32.5,31.43,31.5,31.49,0.01,0.03,2999.39,9517.134
2281,300093.SZ,20110329,32.0,32.84,31.41,31.49,32.86,-1.37,-4.17,7211.1,22934.8416
2282,300093.SZ,20110328,33.8,33.84,32.01,32.86,33.8,-0.94,-2.78,8530.49,27879.07
2283,300093.SZ,20110325,34.2,34.4,33.39,33.8,34.19,-0.39,-1.14,5351.01,17967.6783
2284,300093.SZ,20110324,33.75,34.8,33.23,34.19,33.75,0.44,1.3,4951.82,16930.3572
2285,300093.SZ,20110323,33.2,34.35,33.18,33.75,33.18,0.57,1.72,5686.38,19205.5725
2286,300093.SZ,20110322,32.76,34.38,32.76,33.18,33.4,-0.22,-0.66,6667.89,22162.7598
2287,300093.SZ,20110321,34.6,34.6,32.95,33.4,34.68,-1.28,-3.69,11170.47,37393.3603
2288,300093.SZ,20110318,34.2,35.3,33.5,34.68,34.3,0.38,1.11,14566.31,49816.7699
2289,300093.SZ,20110317,34.11,35.58,33.91,34.3,34.1,0.2,0.59,30394.12,104962.225
2290,300093.SZ,20110316,32.21,34.5,32.21,34.1,32.45,1.65,5.08,33534.56,113639.5753
2291,300093.SZ,20110315,31.64,32.66,31.2,32.45,31.41,1.04,3.31,29051.91,92894.5064
2292,300093.SZ,20110314,29.8,31.55,29.8,31.41,29.8,1.61,5.4,22688.14,70243.9966
2293,300093.SZ,20110311,29.62,30.3,29.47,29.8,29.96,-0.16,-0.53,10396.83,31030.7708
2294,300093.SZ,20110310,29.75,30.07,29.29,29.96,30.1,-0.14,-0.47,9648.89,28682.3126
2295,300093.SZ,20110309,30.68,30.92,29.23,30.1,30.87,-0.77,-2.49,17666.67,52746.2012
2296,300093.SZ,20110308,31.4,31.4,30.68,30.87,31.3,-0.43,-1.37,9644.84,29778.6451
2297,300093.SZ,20110307,31.28,31.5,30.7,31.3,31.34,-0.04,-0.13,10828.37,33645.0772
2298,300093.SZ,20110304,30.19,31.5,29.66,31.34,30.4,0.94,3.09,10170.95,30994.7967
2299,300093.SZ,20110303,31.72,32.15,30.15,30.4,31.93,-1.53,-4.79,11796.37,36528.4551
2300,300093.SZ,20110302,31.45,31.99,31.06,31.93,31.41,0.52,1.66,8198.27,25841.7901
2301,300093.SZ,20110301,31.65,31.97,31.1,31.41,31.8,-0.39,-1.23,10153.48,31908.1282
2302,300093.SZ,20110228,33.18,33.4,31.08,31.8,33.18,-1.38,-4.16,13270.47,43028.2587
2303,300093.SZ,20110225,33.4,33.66,32.56,33.18,33.55,-0.37,-1.1,6030.11,19916.1844
2304,300093.SZ,20110224,33.66,34.1,33.1,33.55,33.7,-0.15,-0.45,6992.51,23537.4894
2305,300093.SZ,20110223,32.16,33.95,31.62,33.7,32.55,1.15,3.53,15113.14,49543.0591
2306,300093.SZ,20110222,33.29,34.4,32.5,32.55,33.25,-0.7,-2.11,18953.93,63396.4162
2307,300093.SZ,20110221,32.79,33.39,32.01,33.25,33.16,0.09,0.27,9804.71,32218.4408
2308,300093.SZ,20110218,32.62,34.0,32.23,33.16,32.62,0.54,1.66,18952.45,62874.429
2309,300093.SZ,20110217,32.97,32.98,31.9,32.62,32.85,-0.23,-0.7,12370.49,40081.7983
2310,300093.SZ,20110216,32.0,33.21,32.0,32.85,32.63,0.22,0.67,25347.13,82856.2106
2311,300093.SZ,20110215,30.6,32.63,30.09,32.63,29.66,2.97,10.01,36168.71,115794.2425
2312,300093.SZ,20110214,29.37,30.39,29.11,29.66,29.45,0.21,0.71,13213.73,39501.437
2313,300093.SZ,20110211,28.5,29.68,28.31,29.45,28.56,0.89,3.12,13292.85,38488.3191
2314,300093.SZ,20110210,27.6,28.7,27.28,28.56,27.68,0.88,3.18,10191.91,28819.5053
2315,300093.SZ,20110209,27.88,27.89,27.0,27.68,28.19,-0.51,-1.81,7807.1,21615.8603
2316,300093.SZ,20110201,27.98,28.88,27.98,28.19,28.17,0.02,0.07,9859.27,28089.7578
2317,300093.SZ,20110128,27.02,28.19,26.58,28.17,27.28,0.89,3.26,10883.43,29677.9586
2318,300093.SZ,20110127,27.3,27.86,26.46,27.28,27.3,-0.02,-0.07,9270.21,25081.7488
2319,300093.SZ,20110126,27.01,27.48,26.63,27.3,26.72,0.58,2.17,7261.12,19802.8477
2320,300093.SZ,20110125,26.51,27.15,26.44,26.72,27.0,-0.28,-1.04,5208.97,13945.8738
2321,300093.SZ,20110124,27.0,27.5,26.4,27.0,26.92,0.08,0.3,14391.79,38845.5497
2322,300093.SZ,20110121,27.33,27.49,26.67,26.92,27.6,-0.68,-2.46,12394.67,33529.4238
2323,300093.SZ,20110120,29.18,29.49,27.6,27.6,29.6,-2.0,-6.76,12464.39,35370.0638
2324,300093.SZ,20110119,28.31,29.7,28.21,29.6,28.51,1.09,3.82,13606.59,39544.1626
2325,300093.SZ,20110118,28.8,29.38,28.06,28.51,28.98,-0.47,-1.62,10362.51,29742.2107
2326,300093.SZ,20110117,28.1,29.1,28.01,28.98,28.49,0.49,1.72,13888.51,39904.535
2327,300093.SZ,20110114,28.4,28.88,27.9,28.49,28.51,-0.02,-0.07,9914.05,28159.4248
2328,300093.SZ,20110113,29.65,30.0,28.4,28.51,29.5,-0.99,-3.36,16161.05,46451.3567
2329,300093.SZ,20110112,29.95,31.2,29.16,29.5,30.1,-0.6,-1.99,11927.37,35607.2089
2330,300093.SZ,20110111,31.2,31.26,29.0,30.1,31.27,-1.17,-3.74,17539.5,52241.5019
2331,300093.SZ,20110110,31.11,31.8,30.5,31.27,32.0,-0.73,-2.28,10780.4,33526.3763
2332,300093.SZ,20110107,32.39,33.88,31.6,32.0,32.54,-0.54,-1.66,14520.27,47323.9389
2333,300093.SZ,20110106,33.8,34.0,32.5,32.54,33.8,-1.26,-3.73,14048.09,46372.2807
2334,300093.SZ,20110105,33.95,33.98,32.82,33.8,34.0,-0.2,-0.59,18530.29,61894.4907
2335,300093.SZ,20110104,32.91,35.3,32.37,34.0,32.88,1.12,3.41,25041.2,86055.5696
2336,300093.SZ,20101231,32.45,33.48,32.2,32.88,32.67,0.21,0.64,14129.42,46204.7701
2337,300093.SZ,20101230,31.4,32.91,30.81,32.67,31.4,1.27,4.04,15481.11,49959.6515
2338,300093.SZ,20101229,30.53,31.58,30.53,31.4,30.8,0.6,1.95,9197.58,28637.127
2339,300093.SZ,20101228,30.98,32.25,30.52,30.8,31.3,-0.5,-1.6,16478.71,51909.5265
2340,300093.SZ,20101227,33.68,34.13,30.88,31.3,33.98,-2.68,-7.89,18974.45,61850.7991
2341,300093.SZ,20101224,32.0,34.18,30.36,33.98,32.45,1.53,4.71,32698.84,106895.175
2342,300093.SZ,20101223,34.08,34.89,32.4,32.45,34.47,-2.02,-5.86,20702.12,68816.9234
2343,300093.SZ,20101222,33.8,35.6,33.8,34.47,34.38,0.09,0.26,17642.42,61266.7409
2344,300093.SZ,20101221,33.28,35.59,32.9,34.38,33.6,0.78,2.32,32299.66,110934.2254
2345,300093.SZ,20101220,32.14,33.85,31.03,33.6,31.9,1.7,5.33,38942.09,124771.4658
2346,300093.SZ,20101217,32.0,33.4,31.61,31.9,32.14,-0.24,-0.75,31007.58,100740.0241
2347,300093.SZ,20101216,29.5,32.28,29.42,32.14,29.7,2.44,8.22,36894.15,114613.9202
2348,300093.SZ,20101215,30.8,30.8,29.25,29.7,30.71,-1.01,-3.29,25553.68,76764.8476
2349,300093.SZ,20101214,30.4,30.89,29.91,30.71,30.68,0.03,0.1,28386.15,86328.7128
2350,300093.SZ,20101213,29.14,31.22,29.12,30.68,29.1,1.58,5.43,38989.6,117410.0993
2351,300093.SZ,20101210,26.81,29.99,26.61,29.1,27.34,1.76,6.44,44103.22,127251.4317
2352,300093.SZ,20101209,26.18,28.94,26.08,27.34,26.31,1.03,3.91,46015.56,126888.346
2353,300093.SZ,20101208,27.0,27.18,26.08,26.31,27.18,-0.87,-3.2,29364.18,78521.2793
2354,300093.SZ,20101207,24.41,27.18,24.41,27.18,24.71,2.47,10.0,36043.6,94161.0721
2355,300093.SZ,20101206,25.41,25.78,24.3,24.71,25.41,-0.7,-2.75,17420.07,43525.5367
2356,300093.SZ,20101203,24.92,26.5,24.92,25.41,24.47,0.94,3.84,35653.16,91405.3141
2357,300093.SZ,20101202,24.77,24.87,24.37,24.47,24.47,0.0,0.0,10426.21,25642.5092
2358,300093.SZ,20101201,24.2,24.74,24.18,24.47,24.55,-0.08,-0.33,7099.49,17390.7216
2359,300093.SZ,20101130,25.5,25.5,23.8,24.55,25.41,-0.86,-3.38,21243.58,51956.9339
2360,300093.SZ,20101129,24.75,25.86,24.35,25.41,24.87,0.54,2.17,19018.43,47921.9768
2361,300093.SZ,20101126,24.94,25.48,24.2,24.87,24.93,-0.06,-0.24,16712.63,41597.2663
2362,300093.SZ,20101125,25.65,25.99,24.93,24.93,25.65,-0.72,-2.81,23673.43,60185.6496
2363,300093.SZ,20101124,24.85,25.93,24.71,25.65,24.9,0.75,3.01,29503.07,75369.1531
2364,300093.SZ,20101123,24.05,25.0,23.6,24.9,24.24,0.66,2.72,22048.15,53619.145
2365,300093.SZ,20101122,24.6,24.83,23.92,24.24,24.02,0.22,0.92,29606.23,72445.5671
2366,300093.SZ,20101119,22.55,24.1,22.34,24.02,22.3,1.72,7.71,32809.18,75960.2843
2367,300093.SZ,20101118,22.1,22.65,22.1,22.3,22.12,0.18,0.81,13695.88,30546.2827
2368,300093.SZ,20101117,23.0,23.38,21.88,22.12,23.54,-1.42,-6.03,20837.33,47193.9206
2369,300093.SZ,20101116,23.53,25.09,22.9,23.54,23.55,-0.01,-0.04,43825.43,105673.6304
2370,300093.SZ,20101115,22.67,23.55,22.45,23.55,22.4,1.15,5.13,16042.5,36852.2755
2371,300093.SZ,20101112,24.54,24.7,22.4,22.4,24.8,-2.4,-9.68,27881.6,65121.7062
2372,300093.SZ,20101111,24.87,25.25,24.41,24.8,25.04,-0.24,-0.96,23499.62,58178.527
2373,300093.SZ,20101110,24.9,25.46,24.6,25.04,25.12,-0.08,-0.32,17448.97,43635.4759
2374,300093.SZ,20101109,25.06,25.15,24.37,25.12,25.15,-0.03,-0.12,29993.78,74474.8571
2375,300093.SZ,20101108,25.27,25.5,24.7,25.15,25.12,0.03,0.12,14206.61,35598.751
2376,300093.SZ,20101105,24.15,25.17,24.15,25.12,24.0,1.12,4.67,21215.64,52652.9598
2377,300093.SZ,20101104,23.5,24.29,23.48,24.0,23.44,0.56,2.39,14200.8,33866.2188
2378,300093.SZ,20101103,23.4,24.35,23.4,23.44,24.44,-1.0,-4.09,19875.58,47344.8877
2379,300093.SZ,20101102,25.68,25.68,24.4,24.44,25.7,-1.26,-4.9,29762.31,74118.2981
2380,300093.SZ,20101101,24.65,26.0,24.65,25.7,24.84,0.86,3.46,29623.85,75999.5433
2381,300093.SZ,20101029,24.23,25.16,24.09,24.84,24.27,0.57,2.35,35364.23,87503.11
2382,300093.SZ,20101028,23.45,24.48,23.21,24.27,23.88,0.39,1.63,37980.67,90644.7144
2383,300093.SZ,20101027,23.15,24.19,23.02,23.88,23.18,0.7,3.02,29584.65,70115.5581
2384,300093.SZ,20101026,23.18,24.48,23.16,23.18,22.62,0.56,2.48,35939.78,84828.0529
2385,300093.SZ,20101022,22.17,22.89,22.03,22.62,22.25,0.37,1.66,26894.67,60775.7441
2386,300093.SZ,20101021,21.49,22.36,21.25,22.25,21.48,0.77,3.58,28234.89,61778.7758
2387,300093.SZ,20101020,20.72,21.9,20.72,21.48,21.17,0.31,1.46,31685.02,67958.4443
2388,300093.SZ,20101019,19.95,21.58,19.89,21.17,19.79,1.38,6.97,30399.8,63684.7528
2389,300093.SZ,20101018,20.1,20.1,19.3,19.79,20.39,-0.6,-2.94,20423.16,40077.1769
2390,300093.SZ,20101015,20.53,21.16,20.27,20.39,20.93,-0.54,-2.58,19544.35,40314.7887
2391,300093.SZ,20101014,21.49,21.79,20.82,20.93,21.5,-0.57,-2.65,19648.77,41917.3289
2392,300093.SZ,20101013,21.45,21.75,20.9,21.5,21.59,-0.09,-0.42,21223.69,45108.8563
2393,300093.SZ,20101012,21.2,22.16,21.18,21.59,21.16,0.43,2.03,26981.72,58462.5061
2394,300093.SZ,20101011,21.45,21.48,20.9,21.16,21.48,-0.32,-1.49,27083.27,57228.3346
2395,300093.SZ,20101008,21.08,21.65,20.7,21.48,21.06,0.42,1.99,31276.62,66789.842
2396,300093.SZ,20100930,20.45,21.25,20.45,21.06,20.67,0.39,1.89,8065.0,16940.928
2397,300093.SZ,20100929,20.85,21.03,20.31,20.67,20.8,-0.13,-0.63,10343.36,21378.3585
2398,300093.SZ,20100928,21.7,21.73,20.7,20.8,21.75,-0.95,-4.37,13274.22,28043.5135
2399,300093.SZ,20100927,21.17,21.75,21.11,21.75,21.17,0.58,2.74,9853.95,21180.5559
2400,300093.SZ,20100921,21.29,21.55,21.02,21.17,21.29,-0.12,-0.56,7316.34,15550.4203
2401,300093.SZ,20100920,22.0,22.22,21.16,21.29,22.12,-0.83,-3.75,11831.62,25584.0348
2402,300093.SZ,20100917,22.45,22.76,22.0,22.12,22.4,-0.28,-1.25,10394.49,23133.5095
2403,300093.SZ,20100916,23.1,23.4,22.2,22.4,23.3,-0.9,-3.86,18196.59,41179.8018
2404,300093.SZ,20100915,24.49,24.52,23.3,23.3,24.71,-1.41,-5.71,23685.66,56437.9582
2405,300093.SZ,20100914,24.25,25.36,24.03,24.71,24.25,0.46,1.9,26902.18,66492.1348
2406,300093.SZ,20100913,23.75,24.38,23.6,24.25,23.81,0.44,1.85,20070.92,48322.1698
2407,300093.SZ,20100910,23.42,23.9,23.1,23.81,23.6,0.21,0.89,13085.8,30912.5657
2408,300093.SZ,20100909,24.08,24.34,23.3,23.6,24.09,-0.49,-2.03,19856.98,47234.897
2409,300093.SZ,20100908,23.41,24.22,23.32,24.09,23.61,0.48,2.03,19430.6,46474.3271
2410,300093.SZ,20100907,23.35,23.8,23.18,23.61,23.4,0.21,0.9,13142.48,31007.0298
2411,300093.SZ,20100906,24.9,24.94,23.37,23.4,25.05,-1.65,-6.59,34188.15,81363.3459
2412,300093.SZ,20100903,25.0,25.43,24.22,25.05,24.77,0.28,1.13,27636.31,68733.0447
2413,300093.SZ,20100902,24.63,24.95,24.1,24.77,24.41,0.36,1.47,26494.83,65213.1437
2414,300093.SZ,20100901,26.0,26.12,23.99,24.41,26.05,-1.64,-6.3,47971.69,119309.8472
2415,300093.SZ,20100831,25.69,26.6,25.6,26.05,25.99,0.06,0.23,29548.72,76986.034
2416,300093.SZ,20100830,26.15,26.65,25.41,25.99,25.89,0.1,0.39,37748.51,98118.2145
2417,300093.SZ,20100827,24.73,26.33,24.58,25.89,24.98,0.91,3.64,41275.16,105621.7828
2418,300093.SZ,20100826,25.13,25.47,24.38,24.98,25.01,-0.03,-0.12,34096.16,84593.1352
2419,300093.SZ,20100825,26.26,26.77,25.0,25.01,25.08,-0.07,-0.28,67568.25,174373.0413
2420,300093.SZ,20100824,23.2,25.08,23.2,25.08,22.8,2.28,10.0,26785.9,65307.967
2421,300093.SZ,20100820,23.43,23.46,22.77,22.8,23.65,-0.85,-3.59,31098.29,71759.5247
2422,300093.SZ,20100819,23.7,24.28,23.42,23.65,23.55,0.1,0.42,35048.84,83248.5104
2423,300093.SZ,20100818,24.07,24.96,23.2,23.55,24.29,-0.74,-3.05,44324.18,107153.2618
2424,300093.SZ,20100817,23.2,24.48,23.18,24.29,23.34,0.95,4.07,42606.23,101919.8843
2425,300093.SZ,20100816,22.96,23.88,22.82,23.34,22.96,0.38,1.66,47726.94,111995.131
2426,300093.SZ,20100813,22.83,23.72,22.31,22.96,23.03,-0.07,-0.3,44782.04,103190.0796
2427,300093.SZ,20100812,23.68,23.88,22.52,23.03,24.1,-1.07,-4.44,58787.43,137194.2598
2428,300093.SZ,20100811,22.5,24.7,22.5,24.1,22.68,1.42,6.26,92548.77,221496.3584
2429,300093.SZ,20100810,23.48,23.86,22.49,22.68,22.29,0.39,1.75,99666.44,230576.207
2430,300093.SZ,20100809,20.75,22.29,20.73,22.29,20.26,2.03,10.02,38430.81,84339.5645
2431,300093.SZ,20100806,19.77,20.39,19.48,20.26,19.75,0.51,2.58,40134.82,80062.6721
2432,300093.SZ,20100805,19.4,19.95,19.3,19.75,19.42,0.33,1.7,34837.6,68638.8119
2433,300093.SZ,20100804,19.36,19.42,18.82,19.42,19.37,0.05,0.26,21151.42,40491.0802
2434,300093.SZ,20100803,19.61,19.87,19.36,19.37,19.55,-0.18,-0.92,24427.83,47929.3084
2435,300093.SZ,20100802,19.2,19.62,19.18,19.55,19.28,0.27,1.4,20507.79,39975.677
2436,300093.SZ,20100730,19.48,19.48,19.05,19.28,19.58,-0.3,-1.53,16064.29,30967.3715
2437,300093.SZ,20100729,19.36,19.77,19.31,19.58,19.4,0.18,0.93,27371.64,53397.2534
2438,300093.SZ,20100728,19.18,19.48,19.02,19.4,19.22,0.18,0.94,23793.17,45925.816
2439,300093.SZ,20100727,19.5,19.5,19.21,19.22,19.54,-0.32,-1.64,18286.65,35314.1198
2440,300093.SZ,20100726,19.11,19.64,19.02,19.54,19.09,0.45,2.36,29491.8,57079.7234
2441,300093.SZ,20100723,19.1,19.18,18.89,19.09,19.09,0.0,0.0,23032.0,43823.6247
2442,300093.SZ,20100722,18.84,19.12,18.62,19.09,18.95,0.14,0.74,25057.55,47359.9436
2443,300093.SZ,20100721,19.05,19.47,18.91,18.95,19.11,-0.16,-0.84,35910.15,68883.7803
2444,300093.SZ,20100720,18.56,19.14,18.53,19.11,18.62,0.49,2.63,36474.92,68872.2461
2445,300093.SZ,20100719,18.07,18.68,18.05,18.62,18.42,0.2,1.09,28148.35,52009.0334
2446,300093.SZ,20100716,18.25,18.68,17.98,18.42,18.72,-0.3,-1.6,34191.05,62499.5929
2447,300093.SZ,20100715,20.18,20.27,18.71,18.72,20.44,-1.72,-8.41,73656.28,142221.2823
2448,300093.SZ,20100714,20.78,20.85,20.0,20.44,20.75,-0.31,-1.49,65594.15,133753.1227
2449,300093.SZ,20100713,20.7,21.24,20.18,20.75,20.5,0.25,1.22,76769.89,159944.426
2450,300093.SZ,20100712,21.6,21.6,20.26,20.5,21.6,-1.1,-5.09,97490.86,202505.5187
2451,300093.SZ,20100709,20.8,21.76,20.01,21.6,22.12,-0.52,-2.35,154733.27,321493.6691
2452,300093.SZ,20100708,20.5,22.25,20.0,22.12,16.2,5.92,36.54,208098.64,435672.2148
