,ts_code,trade_date,open,high,low,close,pre_close,change,pct_chg,vol,amount
0,603580.SH,20210901,10.36,10.63,10.23,10.61,10.4,0.21,2.0192,17125.74,17943.208
1,603580.SH,20210831,10.26,10.4,10.11,10.4,10.3,0.1,0.9709,10412.68,10669.682
2,603580.SH,20210830,10.45,10.58,10.24,10.3,10.41,-0.11,-1.0567,6995.0,7280.306
3,603580.SH,20210827,10.34,10.74,10.34,10.41,10.58,-0.17,-1.6068,10402.96,10901.258
4,603580.SH,20210826,10.59,10.7,10.5,10.58,10.59,-0.01,-0.0944,9963.09,10534.818
5,603580.SH,20210825,10.42,10.63,10.33,10.59,10.39,0.2,1.9249,15987.93,16858.168
6,603580.SH,20210824,10.32,10.51,10.3,10.39,10.43,-0.04,-0.3835,7168.16,7462.532
7,603580.SH,20210823,10.01,10.46,10.01,10.43,10.12,0.31,3.0632,12051.32,12483.059
8,603580.SH,20210820,10.17,10.22,9.91,10.12,10.25,-0.13,-1.2683,5391.72,5430.881
9,603580.SH,20210819,10.11,10.27,10.11,10.25,10.2,0.05,0.4902,4183.2,4270.32
10,603580.SH,20210818,10.01,10.22,10.0,10.2,10.07,0.13,1.291,6792.86,6878.172
11,603580.SH,20210817,10.25,10.42,10.0,10.07,10.3,-0.23,-2.233,6513.2,6629.071
12,603580.SH,20210816,10.24,10.38,10.24,10.3,10.27,0.03,0.2921,4614.0,4755.043
13,603580.SH,20210813,10.28,10.35,10.19,10.27,10.29,-0.02,-0.1944,3906.0,4008.467
14,603580.SH,20210812,10.3,10.43,10.19,10.29,10.36,-0.07,-0.6757,10056.28,10309.218
15,603580.SH,20210811,10.38,10.45,10.24,10.36,10.3,0.06,0.5825,6623.36,6875.589
16,603580.SH,20210810,10.14,10.33,10.12,10.3,10.14,0.16,1.5779,5990.4,6145.344
17,603580.SH,20210809,9.8,10.16,9.79,10.14,9.89,0.25,2.5278,5444.45,5484.826
18,603580.SH,20210806,9.96,9.96,9.75,9.89,9.9,-0.01,-0.101,7725.0,7607.116
19,603580.SH,20210805,9.94,10.0,9.82,9.9,9.94,-0.04,-0.4024,5984.24,5929.494
20,603580.SH,20210804,9.99,10.05,9.86,9.94,10.0,-0.06,-0.6,7125.8,7091.83
21,603580.SH,20210803,9.91,10.13,9.91,10.0,9.91,0.09,0.9082,6091.28,6106.942
22,603580.SH,20210802,9.83,9.93,9.7,9.91,9.79,0.12,1.2257,5819.62,5733.711
23,603580.SH,20210730,9.56,9.8,9.49,9.79,9.59,0.2,2.0855,7815.61,7558.026
24,603580.SH,20210729,9.49,9.65,9.47,9.59,9.45,0.14,1.4815,4815.4,4603.31
25,603580.SH,20210728,9.76,9.8,9.38,9.45,9.81,-0.36,-3.6697,5065.25,4815.212
26,603580.SH,20210727,9.96,10.11,9.81,9.81,9.96,-0.15,-1.506,3721.0,3705.242
27,603580.SH,20210726,10.05,10.15,9.88,9.96,10.15,-0.19,-1.8719,6027.52,6022.92
28,603580.SH,20210723,10.28,10.4,10.05,10.15,10.36,-0.21,-2.027,5744.88,5848.403
29,603580.SH,20210722,10.4,10.4,10.29,10.36,10.3,0.06,0.5825,5562.6,5749.1
30,603580.SH,20210721,10.21,10.34,10.15,10.3,10.19,0.11,1.0795,4335.0,4457.542
31,603580.SH,20210720,10.15,10.23,10.07,10.19,10.16,0.03,0.2953,4528.76,4593.917
32,603580.SH,20210719,10.28,10.3,10.1,10.16,10.31,-0.15,-1.4549,6743.52,6851.335
33,603580.SH,20210716,10.45,10.53,10.26,10.31,10.48,-0.17,-1.6221,8376.8,8693.837
34,603580.SH,20210715,10.8,11.06,10.39,10.48,10.74,-0.26,-2.4209,11561.48,12216.961
35,603580.SH,20210714,10.78,10.85,10.74,10.82,10.8,0.02,0.1852,7094.92,7656.548
36,603580.SH,20210713,10.89,10.89,10.72,10.8,10.82,-0.02,-0.1848,6350.36,6849.812
37,603580.SH,20210712,10.7,10.89,10.62,10.82,10.64,0.18,1.6917,9165.26,9857.068
38,603580.SH,20210709,10.55,10.7,10.47,10.64,10.6,0.04,0.3774,8487.22,8997.417
39,603580.SH,20210708,10.8,10.8,10.45,10.6,11.16,-0.56,-5.0179,26628.14,28270.906
40,603580.SH,20210707,11.57,11.95,11.06,11.16,11.65,-0.49,-4.206,43557.32,49909.401
41,603580.SH,20210706,11.88,11.88,11.1,11.65,11.45,0.2,1.7467,19922.3,22682.617
42,603580.SH,20210705,11.13,11.49,11.03,11.45,11.1,0.35,3.1532,20997.39,23697.419
43,603580.SH,20210702,10.71,11.14,10.66,11.1,10.75,0.35,3.2558,18529.73,20308.481
44,603580.SH,20210701,10.63,10.82,10.52,10.75,10.63,0.12,1.1289,12807.6,13714.569
45,603580.SH,20210630,10.4,10.67,10.4,10.63,10.5,0.13,1.2381,8517.51,9010.888
46,603580.SH,20210629,10.46,10.62,10.41,10.5,10.5,0.0,0.0,9063.44,9509.836
47,603580.SH,20210628,10.58,10.63,10.43,10.5,10.58,-0.08,-0.7561,6922.0,7268.778
48,603580.SH,20210625,10.72,10.76,10.53,10.58,10.78,-0.2,-1.8553,8402.28,8933.68
49,603580.SH,20210624,10.78,10.79,10.61,10.78,10.7,0.08,0.7477,4828.15,5171.146
50,603580.SH,20210623,10.71,10.81,10.66,10.7,10.77,-0.07,-0.65,4759.4,5104.105
51,603580.SH,20210622,10.75,10.84,10.62,10.77,10.66,0.11,1.0319,7424.35,8000.026
52,603580.SH,20210621,10.58,10.74,10.58,10.66,10.67,-0.01,-0.0937,9548.24,10190.673
53,603580.SH,20210618,10.53,10.76,10.4,10.67,10.58,0.09,0.8507,8288.47,8757.676
54,603580.SH,20210617,10.51,10.64,10.48,10.58,10.55,0.03,0.2844,5536.0,5861.232
55,603580.SH,20210616,10.75,10.75,10.51,10.55,10.7,-0.15,-1.4019,5547.24,5870.699
56,603580.SH,20210615,10.66,10.87,10.62,10.7,10.82,-0.12,-1.1091,4691.92,5012.383
57,603580.SH,20210611,10.88,10.99,10.76,10.82,10.89,-0.07,-0.6428,9059.36,9874.259
58,603580.SH,20210610,10.83,11.0,10.66,10.89,10.82,0.07,0.647,9779.0,10579.378
59,603580.SH,20210609,10.66,10.89,10.66,10.82,10.73,0.09,0.8388,8940.83,9664.319
60,603580.SH,20210608,10.51,10.75,10.51,10.73,10.62,0.11,1.0358,12203.68,13009.165
61,603580.SH,20210607,10.65,10.7,10.48,10.62,10.68,-0.06,-0.5618,10408.84,10996.191
62,603580.SH,20210604,10.9,10.94,10.59,10.68,10.95,-0.27,-2.4658,16132.78,17284.315
63,603580.SH,20210603,11.35,11.35,10.7,10.95,11.5,-0.55,-4.7826,25320.2,27691.845
64,603580.SH,20210602,12.13,13.02,11.24,11.5,12.13,-0.63,-5.1937,60819.42,73026.954
65,603580.SH,20210601,11.63,12.17,11.36,12.13,11.63,0.5,4.2992,32406.84,38506.543
66,603580.SH,20210531,11.8,11.89,11.31,11.63,11.82,-0.19,-1.6074,22165.96,25635.291
67,603580.SH,20210528,11.63,11.89,11.38,11.82,11.68,0.14,1.1986,21884.47,25690.724
68,603580.SH,20210527,11.09,11.81,11.09,11.68,11.31,0.37,3.2714,25355.19,29322.286
69,603580.SH,20210526,12.0,12.0,10.92,11.31,11.14,0.17,1.526,20247.64,22671.504
70,603580.SH,20210525,10.85,11.18,10.78,11.14,10.88,0.26,2.3897,14116.37,15506.341
71,603580.SH,20210524,10.48,10.92,10.41,10.88,10.48,0.4,3.8168,20439.08,21807.013
72,603580.SH,20210521,10.38,10.54,10.26,10.48,10.39,0.09,0.8662,5869.12,6114.536
73,603580.SH,20210520,10.37,10.6,10.29,10.39,10.37,0.02,0.1929,3611.4,3752.901
74,603580.SH,20210519,10.42,10.47,10.35,10.37,10.42,-0.05,-0.4798,3812.84,3961.301
75,603580.SH,20210518,10.4,10.46,10.29,10.42,10.4,0.02,0.1923,3627.72,3768.015
76,603580.SH,20210517,10.49,10.49,10.3,10.4,10.48,-0.08,-0.7634,7843.46,8144.146
77,603580.SH,20210514,10.45,10.48,10.34,10.48,10.41,0.07,0.6724,3584.88,3739.28
78,603580.SH,20210513,10.3,10.49,10.26,10.41,10.3,0.11,1.068,5883.18,6114.854
79,603580.SH,20210512,10.27,10.35,10.16,10.3,10.27,0.03,0.2921,2729.8,2810.92
80,603580.SH,20210511,10.13,10.39,10.08,10.27,10.13,0.14,1.382,4222.4,4323.846
81,603580.SH,20210510,10.21,10.37,10.08,10.13,10.27,-0.14,-1.3632,3878.48,3954.781
82,603580.SH,20210507,10.33,10.55,10.22,10.27,10.33,-0.06,-0.5808,3305.26,3397.569
83,603580.SH,20210506,10.43,10.43,10.26,10.33,10.25,0.08,0.7805,4501.99,4658.919
84,603580.SH,20210430,10.47,10.49,10.2,10.25,10.42,-0.17,-1.6315,4542.32,4673.736
85,603580.SH,20210429,10.31,10.46,9.97,10.42,10.23,0.19,1.8573,8248.2,8549.469
86,603580.SH,20210428,10.16,10.3,10.15,10.23,10.21,0.02,0.1959,4553.32,4654.08
87,603580.SH,20210427,10.59,10.59,10.15,10.21,10.64,-0.43,-4.0414,7567.92,7792.866
88,603580.SH,20210426,10.57,10.8,10.38,10.64,10.62,0.02,0.1883,10721.01,11250.895
89,603580.SH,20210423,10.84,10.88,10.5,10.62,10.84,-0.22,-2.0295,10791.2,11475.671
90,603580.SH,20210422,10.9,11.02,10.73,10.84,10.9,-0.06,-0.5505,8525.46,9237.672
91,603580.SH,20210421,10.88,10.98,10.71,10.9,10.89,0.01,0.0918,6235.0,6769.604
92,603580.SH,20210420,11.01,11.23,10.87,10.89,11.07,-0.18,-1.626,8848.12,9763.345
93,603580.SH,20210419,11.02,11.28,10.95,11.07,11.02,0.05,0.4537,6666.72,7360.384
94,603580.SH,20210416,10.82,11.11,10.71,11.02,10.82,0.2,1.8484,7442.44,8159.279
95,603580.SH,20210415,11.18,11.33,10.61,10.82,11.36,-0.54,-4.7535,14267.08,15577.597
96,603580.SH,20210414,11.0,11.42,10.9,11.36,11.6,-0.24,-2.069,11291.6,12638.415
97,603580.SH,20210413,11.39,11.6,11.21,11.6,11.44,0.16,1.3986,7662.0,8758.138
98,603580.SH,20210412,11.73,11.77,11.2,11.44,11.8,-0.36,-3.0508,9988.0,11386.982
99,603580.SH,20210409,12.0,12.04,11.64,11.8,12.06,-0.26,-2.1559,13102.36,15366.581
100,603580.SH,20210408,11.44,12.56,11.44,12.06,11.56,0.5,4.3253,27231.8,32440.117
101,603580.SH,20210407,11.56,11.88,11.46,11.56,11.72,-0.16,-1.3652,18789.35,21791.366
102,603580.SH,20210406,11.99,12.07,11.5,11.72,12.02,-0.3,-2.4958,29738.31,34694.897
103,603580.SH,20210402,12.25,13.13,12.0,12.02,12.25,-0.23,-1.8776,53523.74,67448.855
104,603580.SH,20210401,11.17,12.25,11.02,12.25,11.14,1.11,9.9641,23000.27,27312.305
105,603580.SH,20210331,11.95,11.95,11.09,11.14,11.58,-0.44,-3.7997,38803.35,44501.403
106,603580.SH,20210330,10.54,11.58,10.48,11.58,10.53,1.05,9.9715,24693.84,27430.694
107,603580.SH,20210329,10.58,10.8,10.41,10.53,10.58,-0.05,-0.4726,4597.52,4856.679
108,603580.SH,20210326,10.64,10.7,10.47,10.58,10.52,0.06,0.5703,4587.4,4862.013
109,603580.SH,20210325,10.47,10.89,10.46,10.52,10.53,-0.01,-0.095,6061.9,6415.688
110,603580.SH,20210324,10.5,10.6,9.85,10.53,10.58,-0.05,-0.4726,3818.8,4008.731
111,603580.SH,20210323,10.56,10.62,10.42,10.58,10.56,0.02,0.1894,4481.44,4718.602
112,603580.SH,20210322,10.45,10.67,10.45,10.56,10.52,0.04,0.3802,6172.52,6527.231
113,603580.SH,20210319,10.62,10.72,10.47,10.52,10.66,-0.14,-1.3133,5339.2,5649.755
114,603580.SH,20210318,10.52,10.72,10.33,10.66,10.49,0.17,1.6206,5887.0,6240.96
115,603580.SH,20210317,10.41,10.64,10.4,10.49,10.51,-0.02,-0.1903,5908.0,6192.977
116,603580.SH,20210316,10.28,10.7,10.27,10.51,10.32,0.19,1.8411,7558.56,7974.734
117,603580.SH,20210315,10.16,10.42,10.08,10.32,10.0,0.32,3.2,7164.32,7339.039
118,603580.SH,20210312,10.05,10.14,9.85,10.0,10.1,-0.1,-0.9901,5705.88,5716.301
119,603580.SH,20210311,10.05,10.16,9.87,10.1,10.0,0.1,1.0,6226.9,6249.826
120,603580.SH,20210310,10.25,10.33,9.95,10.0,10.34,-0.34,-3.2882,6521.68,6600.11
121,603580.SH,20210309,10.61,10.87,10.1,10.34,10.58,-0.24,-2.2684,7290.08,7632.763
122,603580.SH,20210308,10.63,10.93,10.52,10.58,10.54,0.04,0.3795,8132.16,8720.902
123,603580.SH,20210305,10.4,10.77,10.37,10.54,10.47,0.07,0.6686,8162.6,8652.36
124,603580.SH,20210304,10.41,10.67,10.26,10.47,10.41,0.06,0.5764,9985.8,10445.851
125,603580.SH,20210303,9.98,10.58,9.95,10.41,10.05,0.36,3.5821,13192.6,13544.165
126,603580.SH,20210302,10.19,10.2,10.01,10.05,10.12,-0.07,-0.6917,5843.68,5893.923
127,603580.SH,20210301,9.92,10.16,9.86,10.12,9.85,0.27,2.7411,6984.68,7015.993
128,603580.SH,20210226,9.62,9.9,9.62,9.85,9.8,0.05,0.5102,5059.8,4962.604
129,603580.SH,20210225,9.98,10.04,9.7,9.8,9.96,-0.16,-1.6064,6041.25,5930.896
130,603580.SH,20210224,10.07,10.11,9.85,9.96,9.93,0.03,0.3021,4071.6,4059.513
131,603580.SH,20210223,10.08,10.27,9.86,9.93,10.08,-0.15,-1.4881,6313.96,6304.775
132,603580.SH,20210222,9.89,10.26,9.82,10.08,9.75,0.33,3.3846,13236.12,13367.706
133,603580.SH,20210219,9.45,9.79,9.3,9.75,9.39,0.36,3.8339,7144.8,6848.88
134,603580.SH,20210218,9.29,9.51,9.29,9.39,9.17,0.22,2.3991,6279.0,5895.437
135,603580.SH,20210210,9.2,9.39,9.1,9.17,9.11,0.06,0.6586,5254.56,4840.327
136,603580.SH,20210209,8.88,9.19,8.77,9.11,8.83,0.28,3.171,5513.8,4975.572
137,603580.SH,20210208,8.97,9.18,8.75,8.83,8.93,-0.1,-1.1198,5076.0,4520.221
138,603580.SH,20210205,9.3,9.3,8.93,8.93,9.07,-0.14,-1.5436,4706.32,4273.335
139,603580.SH,20210204,9.18,9.28,8.87,9.07,9.24,-0.17,-1.8398,10282.0,9306.971
140,603580.SH,20210203,9.5,9.56,9.2,9.24,9.55,-0.31,-3.2461,14197.28,13263.61
141,603580.SH,20210202,9.88,9.95,9.51,9.55,9.9,-0.35,-3.5354,14661.78,14222.191
142,603580.SH,20210201,9.91,10.15,9.88,9.9,9.88,0.02,0.2024,11879.0,11903.14
143,603580.SH,20210129,10.19,10.29,9.8,9.88,10.15,-0.27,-2.6601,11629.12,11596.397
144,603580.SH,20210128,10.06,10.29,10.02,10.15,10.3,-0.15,-1.4563,13924.36,14092.574
145,603580.SH,20210127,9.7,10.6,9.6,10.3,10.01,0.29,2.8971,32324.48,32423.423
146,603580.SH,20210126,9.77,10.7,9.77,10.01,10.86,-0.85,-7.8269,52941.17,52948.48
147,603580.SH,20210125,10.86,10.86,10.86,10.86,12.07,-1.21,-10.0249,3992.0,4335.312
148,603580.SH,20210122,12.07,12.07,12.07,12.07,13.41,-1.34,-9.9925,8415.0,10156.905
149,603580.SH,20210121,13.23,14.56,12.85,13.41,13.29,0.12,0.9029,96565.58,130389.44
150,603580.SH,20210120,12.18,13.29,12.16,13.29,12.35,0.94,7.6113,41722.04,53160.671
151,603580.SH,20210119,12.6,12.6,11.76,12.35,11.93,0.42,3.5205,32073.53,38783.978
152,603580.SH,20210118,11.2,11.94,11.19,11.93,11.31,0.62,5.4819,22490.71,25992.368
153,603580.SH,20210115,11.4,11.4,10.98,11.31,10.95,0.36,3.2877,25800.83,28876.645
154,603580.SH,20210114,10.6,11.16,10.45,10.95,10.58,0.37,3.4972,15547.46,16913.37
155,603580.SH,20210113,10.8,10.88,10.55,10.58,10.8,-0.22,-2.037,8187.92,8741.396
156,603580.SH,20210112,10.52,11.01,10.52,10.8,10.61,0.19,1.7908,8085.22,8700.551
157,603580.SH,20210111,10.64,10.75,10.31,10.61,10.7,-0.09,-0.8411,8140.8,8557.132
158,603580.SH,20210108,10.53,10.75,10.32,10.7,10.8,-0.1,-0.9259,15735.02,16668.891
159,603580.SH,20210107,11.1,11.22,10.47,10.8,11.1,-0.3,-2.7027,12057.38,13003.141
160,603580.SH,20210106,11.25,11.32,11.02,11.1,11.35,-0.25,-2.2026,8434.52,9420.558
161,603580.SH,20210105,11.48,11.63,11.27,11.35,11.48,-0.13,-1.1324,5005.36,5690.486
162,603580.SH,20210104,11.56,11.59,11.42,11.48,11.48,0.0,0.0,7181.2,8247.111
163,603580.SH,20201231,11.38,11.6,11.38,11.48,11.35,0.13,1.1454,4111.57,4721.498
164,603580.SH,20201230,11.35,11.53,11.23,11.35,11.32,0.03,0.265,4619.0,5251.335
165,603580.SH,20201229,11.18,11.45,11.14,11.32,11.2,0.12,1.0714,6554.4,7410.196
166,603580.SH,20201228,11.44,11.44,10.87,11.2,11.42,-0.22,-1.9264,8252.92,9257.306
167,603580.SH,20201225,11.45,11.75,11.06,11.42,11.41,0.01,0.0876,9793.33,11281.292
168,603580.SH,20201224,11.92,11.94,11.24,11.41,11.91,-0.5,-4.1982,6832.2,7922.281
169,603580.SH,20201223,12.12,12.25,11.85,11.91,12.1,-0.19,-1.5702,7566.4,9068.185
170,603580.SH,20201222,12.4,12.46,12.06,12.1,12.43,-0.33,-2.6549,4995.65,6088.542
171,603580.SH,20201221,12.19,12.68,12.14,12.43,12.1,0.33,2.7273,7430.64,9272.695
172,603580.SH,20201218,12.22,12.35,12.06,12.1,12.3,-0.2,-1.626,3541.96,4318.308
173,603580.SH,20201217,12.2,12.4,11.72,12.3,12.2,0.1,0.8197,5857.16,7072.902
174,603580.SH,20201216,12.25,12.35,12.17,12.2,12.24,-0.04,-0.3268,2889.48,3542.34
175,603580.SH,20201215,12.38,12.44,12.13,12.24,12.42,-0.18,-1.4493,4288.0,5259.093
176,603580.SH,20201214,12.58,12.58,12.38,12.42,12.58,-0.16,-1.2719,3936.72,4903.656
177,603580.SH,20201211,12.69,12.84,12.49,12.58,12.73,-0.15,-1.1783,4775.6,6000.049
178,603580.SH,20201210,12.76,12.83,12.66,12.73,12.77,-0.04,-0.3132,3218.28,4105.227
179,603580.SH,20201209,13.04,13.04,12.68,12.77,13.05,-0.28,-2.1456,5417.0,6930.864
180,603580.SH,20201208,13.05,13.16,12.99,13.05,13.04,0.01,0.0767,3380.0,4411.51
181,603580.SH,20201207,13.18,13.18,13.0,13.04,13.08,-0.04,-0.3058,3502.24,4584.876
182,603580.SH,20201204,13.15,13.27,12.99,13.08,13.08,0.0,0.0,4883.68,6375.369
183,603580.SH,20201203,13.31,13.31,13.07,13.08,13.31,-0.23,-1.728,5643.32,7408.334
184,603580.SH,20201202,13.26,13.4,13.12,13.31,13.26,0.05,0.3771,4682.64,6226.101
185,603580.SH,20201201,13.08,13.32,13.07,13.26,13.12,0.14,1.0671,6156.08,8128.663
186,603580.SH,20201130,13.28,13.49,13.09,13.12,13.28,-0.16,-1.2048,6568.26,8706.444
187,603580.SH,20201127,13.45,13.49,13.16,13.28,13.53,-0.25,-1.8477,5823.36,7753.614
188,603580.SH,20201126,13.71,13.71,13.41,13.53,13.71,-0.18,-1.3129,7157.72,9684.393
189,603580.SH,20201125,14.38,14.38,13.6,13.71,13.64,0.07,0.5132,13838.0,19143.96
190,603580.SH,20201124,13.69,13.81,13.55,13.64,13.61,0.03,0.2204,4879.64,6670.079
191,603580.SH,20201123,13.86,13.95,13.53,13.61,13.84,-0.23,-1.6618,6827.68,9305.607
192,603580.SH,20201120,14.09,14.09,13.71,13.84,13.94,-0.1,-0.7174,5557.62,7678.693
193,603580.SH,20201119,13.63,14.14,13.4,13.94,13.63,0.31,2.2744,14941.64,20699.399
194,603580.SH,20201118,13.38,13.64,13.38,13.63,13.44,0.19,1.4137,6273.78,8510.309
195,603580.SH,20201117,13.36,13.46,13.21,13.44,13.4,0.04,0.2985,4496.6,6001.826
196,603580.SH,20201116,13.25,13.43,13.13,13.4,13.22,0.18,1.3616,6801.05,9053.785
197,603580.SH,20201113,13.3,13.35,13.07,13.22,13.3,-0.08,-0.6015,5598.64,7368.358
198,603580.SH,20201112,13.28,13.85,13.17,13.3,13.39,-0.09,-0.6721,5584.48,7456.843
199,603580.SH,20201111,13.52,13.52,13.22,13.39,13.43,-0.04,-0.2978,5519.92,7354.324
200,603580.SH,20201110,13.75,13.75,13.35,13.43,13.7,-0.27,-1.9708,13780.0,18606.058
201,603580.SH,20201109,13.19,13.95,13.11,13.7,13.17,0.53,4.0243,17985.12,24538.464
202,603580.SH,20201106,13.05,13.22,12.97,13.17,13.13,0.04,0.3046,6002.2,7840.959
203,603580.SH,20201105,13.15,13.24,13.04,13.13,13.14,-0.01,-0.0761,7441.28,9781.224
204,603580.SH,20201104,12.8,13.24,12.66,13.14,12.77,0.37,2.8974,12773.93,16516.502
205,603580.SH,20201103,12.51,12.8,12.41,12.77,12.56,0.21,1.672,7836.91,9939.87
206,603580.SH,20201102,12.38,12.71,12.2,12.56,12.47,0.09,0.7217,12409.83,15488.43
207,603580.SH,20201030,12.61,12.74,12.47,12.47,12.65,-0.18,-1.4229,10018.96,12623.77
208,603580.SH,20201029,12.8,12.92,12.61,12.65,12.83,-0.18,-1.403,8186.64,10407.639
209,603580.SH,20201028,12.96,12.99,12.65,12.83,12.96,-0.13,-1.0031,7147.45,9137.924
210,603580.SH,20201027,12.91,13.18,12.9,12.96,13.15,-0.19,-1.4449,5826.16,7578.779
211,603580.SH,20201026,12.95,13.18,12.74,13.15,12.95,0.2,1.5444,8434.56,10985.742
212,603580.SH,20201023,13.08,13.26,12.88,12.95,12.98,-0.03,-0.2311,7525.0,9806.223
213,603580.SH,20201022,12.93,13.08,12.66,12.98,12.93,0.05,0.3867,7609.88,9820.527
214,603580.SH,20201021,13.55,13.55,12.78,12.93,13.46,-0.53,-3.9376,15113.44,19591.579
215,603580.SH,20201020,13.25,13.49,13.1,13.46,13.25,0.21,1.5849,9811.28,13039.553
216,603580.SH,20201019,13.29,13.67,13.17,13.25,13.17,0.08,0.6074,9320.6,12481.503
217,603580.SH,20201016,13.28,13.31,13.07,13.17,13.18,-0.01,-0.0759,6018.52,7913.139
218,603580.SH,20201015,13.31,13.58,13.12,13.18,13.41,-0.23,-1.7151,9622.52,12839.641
219,603580.SH,20201014,13.49,13.6,13.14,13.41,13.49,-0.08,-0.593,6331.08,8486.188
220,603580.SH,20201013,13.68,13.7,13.38,13.49,13.65,-0.16,-1.1722,6803.04,9167.08
221,603580.SH,20201012,13.41,13.72,13.41,13.65,13.4,0.25,1.8657,5631.76,7678.486
222,603580.SH,20201009,13.29,13.62,13.2,13.4,13.08,0.32,2.4465,7550.32,10163.212
223,603580.SH,20200930,13.3,13.34,13.01,13.08,13.25,-0.17,-1.283,4999.96,6592.458
224,603580.SH,20200929,13.26,13.33,12.92,13.25,12.95,0.3,2.3166,5527.92,7297.778
225,603580.SH,20200928,13.4,13.4,12.83,12.95,13.21,-0.26,-1.9682,5112.57,6659.668
226,603580.SH,20200925,13.39,13.52,13.17,13.21,13.4,-0.19,-1.4179,4432.04,5888.67
227,603580.SH,20200924,13.65,13.65,13.25,13.4,13.76,-0.36,-2.6163,8242.6,11053.212
228,603580.SH,20200923,13.71,13.86,13.63,13.76,13.71,0.05,0.3647,3772.92,5173.489
229,603580.SH,20200922,14.0,14.0,13.61,13.71,14.0,-0.29,-2.0714,5983.88,8246.785
230,603580.SH,20200921,14.14,14.31,13.92,14.0,14.19,-0.19,-1.339,9341.0,13089.069
231,603580.SH,20200918,13.88,14.24,13.65,14.19,13.9,0.29,2.0863,7860.92,11043.768
232,603580.SH,20200917,13.57,14.09,13.42,13.9,13.65,0.25,1.8315,11649.0,16024.17
233,603580.SH,20200916,14.3,14.3,13.5,13.65,14.14,-0.49,-3.4653,11536.96,15856.169
234,603580.SH,20200915,14.43,14.46,14.03,14.14,14.3,-0.16,-1.1189,14305.92,20422.299
235,603580.SH,20200914,13.68,14.59,13.57,14.3,13.6,0.7,5.1471,18829.48,26621.812
236,603580.SH,20200911,12.63,13.77,12.2,13.6,13.11,0.49,3.7376,18782.68,24769.976
237,603580.SH,20200910,14.5,14.56,13.11,13.11,14.57,-1.46,-10.0206,39883.24,53651.905
238,603580.SH,20200909,15.77,16.0,14.57,14.57,15.8,-1.23,-7.7848,60900.48,93254.944
239,603580.SH,20200908,14.8,15.96,14.63,15.8,14.78,1.02,6.9012,44468.12,68029.969
240,603580.SH,20200907,15.01,15.23,14.54,14.78,15.09,-0.31,-2.0543,16602.02,24736.96
241,603580.SH,20200904,14.83,15.39,14.79,15.09,15.0,0.09,0.6,13107.53,19820.218
242,603580.SH,20200903,14.96,15.09,14.81,15.0,15.05,-0.05,-0.3322,10271.92,15357.086
243,603580.SH,20200902,15.17,15.45,14.8,15.05,15.03,0.02,0.1331,16465.52,24680.453
244,603580.SH,20200901,14.15,15.05,14.06,15.03,14.2,0.83,5.8451,21129.88,31152.485
245,603580.SH,20200831,14.45,14.66,14.1,14.2,14.31,-0.11,-0.7687,8934.84,12835.789
246,603580.SH,20200828,14.34,14.45,14.18,14.31,14.4,-0.09,-0.625,11346.12,16244.845
247,603580.SH,20200827,13.7,14.77,13.33,14.4,13.56,0.84,6.1947,24250.08,34277.257
248,603580.SH,20200826,13.88,14.01,13.44,13.56,13.91,-0.35,-2.5162,9078.68,12432.111
249,603580.SH,20200825,14.13,14.2,13.86,13.91,14.11,-0.2,-1.4174,10657.8,14884.235
250,603580.SH,20200824,14.35,14.47,14.06,14.11,14.4,-0.29,-2.0139,11283.93,16013.919
251,603580.SH,20200821,14.37,14.75,14.2,14.4,14.3,0.1,0.6993,8655.92,12536.063
252,603580.SH,20200820,14.5,14.52,14.19,14.3,14.5,-0.2,-1.3793,9058.88,12961.11
253,603580.SH,20200819,14.41,14.67,14.28,14.5,14.5,0.0,0.0,13146.32,19067.546
254,603580.SH,20200818,14.6,14.89,14.38,14.5,14.6,-0.1,-0.6849,18337.65,26782.769
255,603580.SH,20200817,14.11,14.7,13.88,14.6,14.11,0.49,3.4727,25003.4,36185.771
256,603580.SH,20200814,14.14,14.14,13.72,14.11,14.04,0.07,0.4986,9515.36,13293.919
257,603580.SH,20200813,13.8,14.5,13.77,14.04,13.75,0.29,2.1091,20161.36,28481.438
258,603580.SH,20200812,13.85,13.93,13.38,13.75,13.88,-0.13,-0.9366,14937.5,20308.441
259,603580.SH,20200811,13.68,14.38,13.59,13.88,13.7,0.18,1.3139,30795.22,43449.029
260,603580.SH,20200810,13.48,13.75,13.26,13.7,13.35,0.35,2.6217,10639.57,14472.015
261,603580.SH,20200807,13.69,13.69,13.16,13.35,13.7,-0.35,-2.5547,10013.33,13404.229
262,603580.SH,20200806,13.58,13.78,13.35,13.7,13.58,0.12,0.8837,9672.28,13129.193
263,603580.SH,20200805,13.28,13.67,13.21,13.58,13.28,0.3,2.259,11065.96,14911.552
264,603580.SH,20200804,14.0,14.0,13.23,13.28,13.57,-0.29,-2.1371,11486.2,15418.252
265,603580.SH,20200803,13.25,13.59,13.16,13.57,13.1,0.47,3.5878,11560.16,15515.743
266,603580.SH,20200731,12.9,13.11,12.72,13.1,12.85,0.25,1.9455,9909.7,12842.416
267,603580.SH,20200730,13.07,13.2,12.8,12.85,13.05,-0.2,-1.5326,7764.46,10077.403
268,603580.SH,20200729,12.91,13.1,12.57,13.05,12.9,0.15,1.1628,7254.16,9376.102
269,603580.SH,20200728,12.61,12.97,12.58,12.9,12.5,0.4,3.2,9969.86,12790.285
270,603580.SH,20200727,12.76,12.92,12.35,12.5,12.75,-0.25,-1.9608,11373.0,14260.184
271,603580.SH,20200724,13.31,13.49,12.7,12.75,13.37,-0.62,-4.6372,11797.8,15398.733
272,603580.SH,20200723,13.6,13.6,12.98,13.37,13.64,-0.27,-1.9795,15394.39,20407.767
273,603580.SH,20200722,13.73,13.93,13.52,13.64,13.86,-0.22,-1.5873,10997.04,15121.793
274,603580.SH,20200721,13.63,13.94,13.41,13.86,13.63,0.23,1.6875,13431.43,18507.406
275,603580.SH,20200720,13.18,13.7,13.18,13.63,13.17,0.46,3.4928,12255.12,16622.08
276,603580.SH,20200717,12.85,13.28,12.78,13.17,12.87,0.3,2.331,11165.24,14590.973
277,603580.SH,20200716,13.45,13.66,12.8,12.87,13.45,-0.58,-4.3123,15723.36,20868.722
278,603580.SH,20200715,14.08,14.08,13.35,13.45,14.09,-0.64,-4.5422,18012.2,24541.962
279,603580.SH,20200714,13.72,14.2,13.63,14.17,13.76,0.41,2.9797,25284.96,35230.807
280,603580.SH,20200713,13.35,13.99,13.35,13.76,13.42,0.34,2.5335,23023.68,31652.668
281,603580.SH,20200710,13.67,13.73,13.3,13.42,13.69,-0.27,-1.9722,16340.8,22067.589
282,603580.SH,20200709,13.73,13.9,13.44,13.69,13.77,-0.08,-0.581,26937.4,36693.165
283,603580.SH,20200708,13.6,14.1,13.6,13.77,13.67,0.1,0.7315,24176.03,33389.906
284,603580.SH,20200707,13.36,14.23,13.28,13.67,13.23,0.44,3.3258,44022.26,60879.273
285,603580.SH,20200706,12.99,13.3,12.98,13.23,13.1,0.13,0.9924,30046.92,39656.601
286,603580.SH,20200703,12.37,13.41,12.25,13.1,12.42,0.68,5.475,34808.83,45093.389
287,603580.SH,20200702,13.0,13.0,12.06,12.42,12.19,0.23,1.8868,17851.92,22199.715
288,603580.SH,20200701,12.28,12.28,12.03,12.19,12.19,0.0,0.0,5512.48,6707.216
289,603580.SH,20200630,11.98,12.26,11.96,12.19,11.94,0.25,2.0938,10498.97,12764.152
290,603580.SH,20200629,12.07,12.07,11.9,11.94,12.1,-0.16,-1.3223,5568.58,6658.421
291,603580.SH,20200624,12.24,12.35,11.99,12.1,12.31,-0.21,-1.7059,11954.16,14471.609
292,603580.SH,20200623,13.0,13.0,12.25,12.31,12.25,0.06,0.4898,19917.55,24793.765
293,603580.SH,20200622,12.1,12.26,12.03,12.25,12.1,0.15,1.2397,9054.16,10985.808
294,603580.SH,20200619,12.21,12.52,12.09,12.1,12.16,-0.06,-0.4934,15605.72,19188.998
295,603580.SH,20200618,12.15,12.18,12.01,12.16,12.14,0.02,0.1647,5041.4,6100.465
296,603580.SH,20200617,12.22,12.22,12.01,12.14,12.09,0.05,0.4136,7284.76,8826.785
297,603580.SH,20200616,11.83,12.11,11.81,12.09,11.78,0.31,2.6316,7900.29,9479.19
298,603580.SH,20200615,11.75,12.08,11.73,11.78,11.83,-0.05,-0.4227,8026.52,9530.361
299,603580.SH,20200612,11.85,11.88,11.68,11.83,11.94,-0.11,-0.9213,6846.0,8056.711
300,603580.SH,20200611,12.11,12.22,11.84,11.94,12.1,-0.16,-1.3223,8382.36,10100.276
301,603580.SH,20200610,12.1,12.26,12.07,12.1,12.13,-0.03,-0.2473,8884.68,10811.998
302,603580.SH,20200609,12.0,12.28,11.82,12.13,11.94,0.19,1.5913,8718.92,10505.934
303,603580.SH,20200608,12.15,12.2,11.89,11.94,12.13,-0.19,-1.5664,6217.16,7463.48
304,603580.SH,20200605,12.1,12.22,11.98,12.13,12.1,0.03,0.2479,8540.43,10323.824
305,603580.SH,20200604,11.92,12.36,11.92,12.1,11.9,0.2,1.6807,12811.36,15570.399
306,603580.SH,20200603,11.81,11.94,11.7,11.9,11.75,0.15,1.2766,11724.16,13897.211
307,603580.SH,20200602,11.7,11.88,11.68,11.75,11.7,0.05,0.4274,6355.24,7457.377
308,603580.SH,20200601,11.35,11.8,11.35,11.7,11.42,0.28,2.4518,12147.7,14138.122
309,603580.SH,20200529,11.28,11.51,11.28,11.42,11.4,0.02,0.1754,11117.07,12690.488
310,603580.SH,20200528,11.81,11.81,11.17,11.4,11.67,-0.27,-2.3136,16222.83,18420.649
311,603580.SH,20200527,11.68,11.88,11.65,11.67,11.8,-0.13,-1.1017,11004.7,12927.426
312,603580.SH,20200526,11.5,11.83,11.15,11.8,11.44,0.36,3.1469,16450.18,19084.051
313,603580.SH,20200525,12.1,12.1,11.34,11.44,12.06,-0.62,-5.141,20705.62,24131.858
314,603580.SH,20200522,11.69,12.15,11.6,12.06,11.79,0.27,2.2901,29062.74,34821.705
315,603580.SH,20200521,11.55,11.81,11.33,11.79,11.55,0.24,2.0779,15629.09,18134.48
316,603580.SH,20200520,12.26,12.26,11.5,11.55,11.69,-0.14,-1.1976,13997.63,16450.272
317,603580.SH,20200519,11.57,11.78,11.57,11.69,11.64,0.05,0.4296,6910.18,8070.485
318,603580.SH,20200518,11.68,11.72,11.61,11.64,11.66,-0.02,-0.1715,5180.48,6036.13
319,603580.SH,20200515,11.8,11.85,11.64,11.66,11.78,-0.12,-1.0187,6818.67,7987.276
320,603580.SH,20200514,12.0,12.0,11.71,11.78,12.01,-0.23,-1.9151,5870.12,6938.603
321,603580.SH,20200513,11.94,12.06,11.83,12.01,11.94,0.07,0.5863,6250.22,7483.54
322,603580.SH,20200512,11.86,11.95,11.79,11.94,11.93,0.01,0.0838,6498.73,7714.309
323,603580.SH,20200511,11.8,11.95,11.74,11.93,11.85,0.08,0.6751,6164.0,7330.099
324,603580.SH,20200508,11.86,11.93,11.75,11.85,11.79,0.06,0.5089,5285.08,6265.534
325,603580.SH,20200507,11.75,11.89,11.69,11.79,11.8,-0.01,-0.0847,7265.68,8592.306
326,603580.SH,20200506,11.7,11.8,11.61,11.8,11.69,0.11,0.941,5878.78,6894.702
327,603580.SH,20200430,11.4,11.78,11.4,11.69,11.37,0.32,2.8144,7732.84,9034.573
328,603580.SH,20200429,11.35,11.61,11.26,11.37,11.35,0.02,0.1762,5305.92,6076.794
329,603580.SH,20200428,11.46,11.56,10.94,11.35,11.46,-0.11,-0.9599,6514.88,7319.435
330,603580.SH,20200427,11.66,11.9,11.45,11.46,11.66,-0.2,-1.7153,6441.2,7462.737
331,603580.SH,20200424,12.0,12.0,11.58,11.66,12.0,-0.34,-2.8333,9693.36,11391.216
332,603580.SH,20200423,12.1,12.2,11.96,12.0,12.12,-0.12,-0.9901,7757.6,9359.545
333,603580.SH,20200422,12.08,12.25,11.86,12.12,12.08,0.04,0.3311,10332.28,12472.421
334,603580.SH,20200421,12.05,12.11,11.92,12.08,12.12,-0.04,-0.33,8704.52,10456.223
335,603580.SH,20200420,11.75,12.15,11.72,12.12,11.75,0.37,3.1489,10005.92,11968.03
336,603580.SH,20200417,11.78,11.93,11.61,11.75,11.83,-0.08,-0.6762,9664.27,11410.299
337,603580.SH,20200416,12.07,12.07,11.64,11.83,12.07,-0.24,-1.9884,17751.67,20953.853
338,603580.SH,20200415,12.31,12.45,12.06,12.07,12.34,-0.27,-2.188,13039.75,15924.034
339,603580.SH,20200414,12.18,12.39,12.07,12.34,12.17,0.17,1.3969,11252.32,13813.743
340,603580.SH,20200413,12.2,12.25,11.87,12.17,12.2,-0.03,-0.2459,13748.96,16547.256
341,603580.SH,20200410,12.52,12.58,12.06,12.2,12.5,-0.3,-2.4,17466.08,21464.31
342,603580.SH,20200409,12.83,12.84,12.46,12.5,12.86,-0.36,-2.7994,26217.32,32987.6
343,603580.SH,20200408,12.32,12.96,12.28,12.86,12.4,0.46,3.7097,33178.45,41989.652
344,603580.SH,20200407,12.01,12.5,12.01,12.4,12.0,0.4,3.3333,23368.43,28858.29
345,603580.SH,20200403,12.32,12.37,11.93,12.0,12.38,-0.38,-3.0695,25474.6,30810.256
346,603580.SH,20200402,12.41,12.69,12.22,12.38,12.5,-0.12,-0.96,28221.83,35030.752
347,603580.SH,20200401,12.0,12.69,11.99,12.5,12.16,0.34,2.7961,36534.29,45538.742
348,603580.SH,20200331,12.1,12.45,11.97,12.16,12.1,0.06,0.4959,25572.72,31242.956
349,603580.SH,20200330,11.85,12.11,11.7,12.1,12.18,-0.08,-0.6568,24206.87,28774.433
350,603580.SH,20200327,11.76,12.5,11.66,12.18,11.75,0.43,3.6596,37391.92,45050.59
351,603580.SH,20200326,11.37,11.98,11.37,11.75,11.42,0.33,2.8897,24620.93,29007.12
352,603580.SH,20200325,11.28,11.44,11.16,11.42,11.11,0.31,2.7903,8715.28,9870.628
353,603580.SH,20200324,11.1,11.18,10.91,11.11,10.91,0.2,1.8332,6081.4,6721.829
354,603580.SH,20200323,11.12,11.2,10.83,10.91,11.33,-0.42,-3.707,10024.92,11026.64
355,603580.SH,20200320,11.21,11.38,11.2,11.33,11.21,0.12,1.0705,8476.52,9557.582
356,603580.SH,20200319,11.14,11.3,10.96,11.21,11.15,0.06,0.5381,6746.44,7517.292
357,603580.SH,20200318,11.2,11.46,11.11,11.15,11.19,-0.04,-0.3575,7492.76,8444.195
358,603580.SH,20200317,11.19,11.43,10.83,11.19,11.19,0.0,0.0,8739.88,9684.362
359,603580.SH,20200316,11.6,11.84,11.12,11.19,11.55,-0.36,-3.1169,11162.08,12795.38
360,603580.SH,20200313,11.3,11.74,11.0,11.55,11.81,-0.26,-2.2015,13289.4,15128.11
361,603580.SH,20200312,12.0,12.0,11.6,11.81,12.16,-0.35,-2.8783,13882.6,16346.936
362,603580.SH,20200311,11.99,12.23,11.95,12.16,11.95,0.21,1.7573,17536.45,21231.732
363,603580.SH,20200310,11.68,11.97,11.32,11.95,11.82,0.13,1.0998,14315.46,16786.93
364,603580.SH,20200309,12.16,12.16,11.79,11.82,12.17,-0.35,-2.8759,13108.76,15620.623
365,603580.SH,20200306,11.92,12.37,11.87,12.17,12.1,0.07,0.5785,14527.52,17618.925
366,603580.SH,20200305,11.89,12.2,11.86,12.1,11.79,0.31,2.6293,17112.92,20616.247
367,603580.SH,20200304,11.32,11.83,11.28,11.79,11.37,0.42,3.6939,17575.28,20471.504
368,603580.SH,20200303,11.42,11.64,11.25,11.37,11.36,0.01,0.088,10773.08,12360.713
369,603580.SH,20200302,10.87,11.38,10.87,11.36,10.85,0.51,4.7005,11935.56,13388.181
370,603580.SH,20200228,11.36,11.36,10.73,10.85,11.55,-0.7,-6.0606,18108.9,19929.793
371,603580.SH,20200227,11.6,11.62,11.4,11.55,11.49,0.06,0.5222,9232.48,10641.725
372,603580.SH,20200226,11.36,11.76,11.36,11.49,11.6,-0.11,-0.9483,12700.23,14695.151
373,603580.SH,20200225,11.61,11.69,11.18,11.6,11.82,-0.22,-1.8613,19033.13,21815.626
374,603580.SH,20200224,12.01,12.01,11.71,11.82,11.94,-0.12,-1.005,15969.61,18872.447
375,603580.SH,20200221,11.96,12.03,11.81,11.94,11.84,0.1,0.8446,10065.24,12001.456
376,603580.SH,20200220,11.58,11.86,11.58,11.84,11.58,0.26,2.2453,13324.92,15645.572
377,603580.SH,20200219,11.66,11.8,11.53,11.58,11.72,-0.14,-1.1945,13336.76,15508.219
378,603580.SH,20200218,11.46,11.92,11.36,11.72,11.48,0.24,2.0906,16339.67,19051.572
379,603580.SH,20200217,11.08,11.49,11.08,11.48,11.08,0.4,3.6101,12441.84,14081.839
380,603580.SH,20200214,11.07,11.24,10.97,11.08,11.1,-0.02,-0.1802,10124.72,11247.341
381,603580.SH,20200213,11.3,11.43,11.07,11.1,11.33,-0.23,-2.03,13194.44,14783.694
382,603580.SH,20200212,11.2,11.33,11.12,11.33,11.2,0.13,1.1607,9644.41,10824.831
383,603580.SH,20200211,11.25,11.36,11.07,11.2,11.25,-0.05,-0.4444,11733.32,13188.576
384,603580.SH,20200210,11.01,11.3,10.8,11.25,10.97,0.28,2.5524,11651.96,12929.76
385,603580.SH,20200207,10.69,10.98,10.67,10.97,10.79,0.18,1.6682,13704.32,14837.185
386,603580.SH,20200206,10.69,10.98,10.4,10.79,10.69,0.1,0.9355,18853.8,20339.96
387,603580.SH,20200205,10.38,10.85,10.32,10.69,10.4,0.29,2.7885,18324.52,19504.805
388,603580.SH,20200204,9.87,10.7,9.87,10.4,10.97,-0.57,-5.196,28147.14,28985.356
389,603580.SH,20200203,10.97,10.97,10.97,10.97,12.19,-1.22,-10.0082,2327.0,2552.719
390,603580.SH,20200123,12.6,12.8,12.03,12.19,12.83,-0.64,-4.9883,22977.12,28602.319
391,603580.SH,20200122,12.9,12.92,12.52,12.83,12.95,-0.12,-0.9266,18348.8,23388.505
392,603580.SH,20200121,13.25,13.27,12.88,12.95,13.22,-0.27,-2.0424,25746.52,33421.261
393,603580.SH,20200120,13.64,13.79,13.0,13.22,13.82,-0.6,-4.3415,35990.73,47756.711
394,603580.SH,20200117,14.5,14.5,13.66,13.82,14.55,-0.73,-5.0172,57388.2,80169.553
395,603580.SH,20200116,13.55,14.8,13.55,14.55,13.72,0.83,6.0496,76495.39,110505.303
396,603580.SH,20200115,13.11,14.28,13.02,13.72,13.16,0.56,4.2553,53529.33,73498.79
397,603580.SH,20200114,12.96,13.55,12.94,13.16,12.94,0.22,1.7002,29137.13,38595.587
398,603580.SH,20200113,12.86,13.0,12.62,12.94,13.04,-0.1,-0.7669,19088.07,24480.38
399,603580.SH,20200110,12.9,13.45,12.88,13.04,12.87,0.17,1.3209,43710.05,57501.783
400,603580.SH,20200109,12.57,12.88,12.57,12.87,12.55,0.32,2.5498,9101.69,11588.61
401,603580.SH,20200108,12.69,12.75,12.51,12.55,12.73,-0.18,-1.414,5930.4,7474.575
402,603580.SH,20200107,12.59,12.74,12.56,12.73,12.56,0.17,1.3535,7444.73,9423.005
403,603580.SH,20200106,12.48,12.65,12.47,12.56,12.57,-0.01,-0.0796,6197.73,7789.444
404,603580.SH,20200103,12.65,12.65,12.52,12.57,12.64,-0.07,-0.5538,5379.6,6767.979
405,603580.SH,20200102,12.59,12.64,12.41,12.64,12.58,0.06,0.4769,7294.36,9179.602
406,603580.SH,20191231,12.39,12.58,12.39,12.58,12.48,0.1,0.8013,5141.52,6432.806
407,603580.SH,20191230,12.22,12.5,12.04,12.48,12.21,0.27,2.2113,8612.16,10618.579
408,603580.SH,20191227,12.49,12.5,12.21,12.21,12.42,-0.21,-1.6908,7035.16,8704.254
409,603580.SH,20191226,12.28,12.43,12.24,12.42,12.21,0.21,1.7199,5986.87,7400.821
410,603580.SH,20191225,12.27,12.34,12.17,12.21,12.2,0.01,0.082,4485.14,5493.597
411,603580.SH,20191224,11.99,12.28,11.99,12.2,11.99,0.21,1.7515,4973.94,6047.628
412,603580.SH,20191223,12.3,12.36,11.99,11.99,12.3,-0.31,-2.5203,5619.21,6818.871
413,603580.SH,20191220,12.35,12.4,12.24,12.3,12.3,0.0,0.0,3682.04,4538.687
414,603580.SH,20191219,12.25,12.35,12.24,12.3,12.27,0.03,0.2445,3173.36,3900.233
415,603580.SH,20191218,12.21,12.35,12.19,12.27,12.2,0.07,0.5738,6612.2,8108.385
416,603580.SH,20191217,12.09,12.33,12.09,12.2,12.08,0.12,0.9934,6470.06,7902.035
417,603580.SH,20191216,12.01,12.11,11.97,12.08,11.97,0.11,0.919,6001.77,7232.632
418,603580.SH,20191213,11.83,12.02,11.83,11.97,11.82,0.15,1.269,6284.53,7514.124
419,603580.SH,20191212,11.89,11.98,11.81,11.82,11.94,-0.12,-1.005,3249.8,3854.828
420,603580.SH,20191211,11.94,11.98,11.82,11.94,11.94,0.0,0.0,2743.37,3265.026
421,603580.SH,20191210,11.89,12.0,11.71,11.94,11.89,0.05,0.4205,5807.88,6896.206
422,603580.SH,20191209,11.91,11.98,11.81,11.89,11.91,-0.02,-0.1679,4603.32,5468.346
423,603580.SH,20191206,11.7,12.0,11.66,11.91,11.71,0.2,1.7079,10444.6,12360.486
424,603580.SH,20191205,11.6,11.74,11.6,11.71,11.65,0.06,0.515,4542.48,5308.45
425,603580.SH,20191204,11.52,11.65,11.45,11.65,11.56,0.09,0.7785,4399.36,5097.776
426,603580.SH,20191203,11.45,11.56,11.36,11.56,11.46,0.1,0.8726,3928.87,4509.978
427,603580.SH,20191202,11.55,11.57,11.37,11.46,11.55,-0.09,-0.7792,3958.8,4546.532
428,603580.SH,20191129,11.56,11.6,11.3,11.55,11.58,-0.03,-0.2591,4982.44,5727.935
429,603580.SH,20191128,11.74,11.8,11.53,11.58,11.75,-0.17,-1.4468,5113.16,5943.18
430,603580.SH,20191127,11.86,11.86,11.66,11.75,11.83,-0.08,-0.6762,3057.44,3587.95
431,603580.SH,20191126,11.91,11.91,11.75,11.83,11.92,-0.09,-0.755,3074.52,3632.092
432,603580.SH,20191125,11.84,11.92,11.7,11.92,11.81,0.11,0.9314,3494.8,4120.242
433,603580.SH,20191122,11.99,12.13,11.73,11.81,11.94,-0.13,-1.0888,4790.28,5703.135
434,603580.SH,20191121,11.98,12.03,11.84,11.94,11.98,-0.04,-0.3339,3486.8,4163.358
435,603580.SH,20191120,12.13,12.18,11.98,11.98,12.12,-0.14,-1.1551,3011.07,3632.158
436,603580.SH,20191119,11.79,12.12,11.79,12.12,11.9,0.22,1.8487,4031.36,4854.852
437,603580.SH,20191118,11.72,11.94,11.6,11.9,11.75,0.15,1.2766,3681.88,4360.537
438,603580.SH,20191115,11.98,11.98,11.73,11.75,11.91,-0.16,-1.3434,2496.28,2948.568
439,603580.SH,20191114,11.88,11.97,11.83,11.91,11.86,0.05,0.4216,2392.08,2849.551
440,603580.SH,20191113,11.96,11.99,11.85,11.86,11.98,-0.12,-1.0017,3217.0,3832.453
441,603580.SH,20191112,12.04,12.5,11.8,11.98,12.04,-0.06,-0.4983,4529.48,5414.225
442,603580.SH,20191111,12.4,12.4,11.93,12.04,12.36,-0.32,-2.589,4707.92,5703.902
443,603580.SH,20191108,12.28,12.49,12.28,12.36,12.28,0.08,0.6515,4957.0,6154.511
444,603580.SH,20191107,12.32,12.54,12.18,12.28,12.24,0.04,0.3268,4640.4,5706.902
445,603580.SH,20191106,12.41,12.51,12.23,12.24,12.5,-0.26,-2.08,6742.01,8336.969
446,603580.SH,20191105,12.39,12.58,12.29,12.5,12.33,0.17,1.3788,7973.04,9933.173
447,603580.SH,20191104,12.3,12.46,12.3,12.33,12.33,0.0,0.0,4222.12,5224.909
448,603580.SH,20191101,12.24,12.39,12.07,12.33,12.24,0.09,0.7353,7264.32,8931.945
449,603580.SH,20191031,12.22,12.35,12.15,12.24,12.26,-0.02,-0.1631,6777.66,8303.603
450,603580.SH,20191030,12.39,12.49,12.18,12.26,12.41,-0.15,-1.2087,7134.49,8769.972
451,603580.SH,20191029,12.66,12.79,12.37,12.41,12.71,-0.3,-2.3603,8328.04,10432.914
452,603580.SH,20191028,12.63,12.77,12.56,12.71,12.66,0.05,0.3949,9070.08,11477.182
453,603580.SH,20191025,12.63,12.75,12.51,12.66,12.63,0.03,0.2375,7367.36,9302.456
454,603580.SH,20191024,12.42,12.64,12.36,12.63,12.5,0.13,1.04,7491.34,9380.903
455,603580.SH,20191023,12.59,12.71,12.42,12.5,12.59,-0.09,-0.7149,6609.36,8281.055
456,603580.SH,20191022,12.45,12.62,12.32,12.59,12.47,0.12,0.9623,6223.16,7786.398
457,603580.SH,20191021,12.4,12.47,12.18,12.47,12.41,0.06,0.4835,5969.04,7368.189
458,603580.SH,20191018,12.63,12.77,12.39,12.41,12.69,-0.28,-2.2065,6534.88,8210.533
459,603580.SH,20191017,12.75,12.94,12.67,12.69,12.71,-0.02,-0.1574,7214.45,9241.695
460,603580.SH,20191016,12.89,13.0,12.69,12.71,12.87,-0.16,-1.2432,5669.0,7277.315
461,603580.SH,20191015,13.03,13.03,12.78,12.87,13.06,-0.19,-1.4548,11595.58,14923.127
462,603580.SH,20191014,12.92,13.09,12.87,13.06,12.88,0.18,1.3975,15010.15,19530.073
463,603580.SH,20191011,12.91,12.96,12.77,12.88,12.91,-0.03,-0.2324,8827.71,11375.295
464,603580.SH,20191010,12.56,12.98,12.55,12.91,12.56,0.35,2.7866,13193.57,16897.854
465,603580.SH,20191009,12.47,12.56,12.28,12.56,12.47,0.09,0.7217,4975.6,6206.855
466,603580.SH,20191008,12.5,12.67,12.36,12.47,12.47,0.0,0.0,5614.12,7031.1
467,603580.SH,20190930,12.43,12.59,12.32,12.47,12.48,-0.01,-0.0801,5470.96,6805.549
468,603580.SH,20190927,12.29,12.5,12.23,12.48,12.31,0.17,1.381,5363.47,6664.633
469,603580.SH,20190926,12.75,12.75,12.28,12.31,12.69,-0.38,-2.9945,8654.32,10758.13
470,603580.SH,20190925,12.8,12.94,12.57,12.69,12.87,-0.18,-1.3986,7098.28,9021.502
471,603580.SH,20190924,12.88,13.01,12.71,12.87,12.73,0.14,1.0998,8767.88,11304.073
472,603580.SH,20190923,12.91,12.98,12.67,12.73,12.89,-0.16,-1.2413,6084.4,7774.221
473,603580.SH,20190920,12.81,13.07,12.81,12.89,12.87,0.02,0.1554,10392.8,13444.431
474,603580.SH,20190919,12.72,12.87,12.67,12.87,12.66,0.21,1.6588,6796.56,8675.774
475,603580.SH,20190918,12.68,12.74,12.57,12.66,12.6,0.06,0.4762,6277.4,7952.418
476,603580.SH,20190917,12.88,12.88,12.52,12.6,12.88,-0.28,-2.1739,7898.67,9992.196
477,603580.SH,20190916,12.85,12.94,12.82,12.88,12.85,0.03,0.2335,5835.67,7518.69
478,603580.SH,20190912,12.89,12.9,12.71,12.85,12.78,0.07,0.5477,7331.1,9397.497
479,603580.SH,20190911,12.87,12.97,12.74,12.78,12.93,-0.15,-1.1601,7047.01,9055.955
480,603580.SH,20190910,12.8,12.95,12.75,12.93,12.88,0.05,0.3882,7370.0,9497.947
481,603580.SH,20190909,12.88,12.91,12.75,12.88,12.77,0.11,0.8614,7342.98,9425.299
482,603580.SH,20190906,12.67,12.79,12.66,12.77,12.6,0.17,1.3492,8039.95,10220.206
483,603580.SH,20190905,12.6,12.88,12.57,12.6,12.57,0.03,0.2387,11008.01,14005.142
484,603580.SH,20190904,12.43,12.58,12.4,12.57,12.41,0.16,1.2893,6828.32,8548.234
485,603580.SH,20190903,12.46,12.49,12.36,12.41,12.42,-0.01,-0.0805,5049.68,6273.62
486,603580.SH,20190902,12.2,12.44,12.17,12.42,12.2,0.22,1.8033,7680.76,9490.768
487,603580.SH,20190830,12.38,12.46,12.18,12.2,12.38,-0.18,-1.454,6230.64,7680.931
488,603580.SH,20190829,12.33,12.49,12.33,12.38,12.43,-0.05,-0.4023,4347.32,5390.987
489,603580.SH,20190828,12.35,12.45,12.27,12.43,12.3,0.13,1.0569,8144.8,10090.632
490,603580.SH,20190827,12.12,12.35,12.09,12.3,12.09,0.21,1.737,5443.44,6690.868
491,603580.SH,20190826,12.0,12.2,11.9,12.09,12.22,-0.13,-1.0638,5386.72,6502.898
492,603580.SH,20190823,12.43,12.43,12.21,12.22,12.35,-0.13,-1.0526,4791.8,5884.074
493,603580.SH,20190822,12.36,12.43,12.24,12.35,12.35,0.0,0.0,3733.8,4595.796
494,603580.SH,20190821,12.28,12.35,12.22,12.35,12.25,0.1,0.8163,4007.6,4922.616
495,603580.SH,20190820,12.33,12.45,12.25,12.25,12.33,-0.08,-0.6488,6292.0,7756.775
496,603580.SH,20190819,12.02,12.34,12.02,12.33,12.0,0.33,2.75,7873.88,9638.811
497,603580.SH,20190816,12.06,12.14,11.91,12.0,12.0,0.0,0.0,3812.22,4597.864
498,603580.SH,20190815,11.83,12.04,11.7,12.0,12.08,-0.08,-0.6623,5052.36,5994.55
499,603580.SH,20190814,12.02,12.17,12.02,12.08,11.92,0.16,1.3423,4683.84,5652.392
500,603580.SH,20190813,11.94,12.04,11.86,11.92,12.06,-0.14,-1.1609,4105.52,4896.217
501,603580.SH,20190812,11.8,12.11,11.8,12.06,11.9,0.16,1.3445,5661.24,6782.428
502,603580.SH,20190809,12.14,12.18,11.83,11.9,12.15,-0.25,-2.0576,4617.84,5534.93
503,603580.SH,20190808,12.17,12.26,11.92,12.15,12.01,0.14,1.1657,6431.2,7757.256
504,603580.SH,20190807,12.32,12.35,11.99,12.01,12.21,-0.2,-1.638,5020.0,6088.44
505,603580.SH,20190806,12.44,12.62,11.81,12.21,12.44,-0.23,-1.8489,9558.0,11564.348
506,603580.SH,20190805,12.36,12.62,12.33,12.44,12.36,0.08,0.6472,7041.92,8806.982
507,603580.SH,20190802,12.55,12.7,12.28,12.36,12.74,-0.38,-2.9827,9112.84,11325.161
508,603580.SH,20190801,12.6,12.86,12.6,12.74,12.77,-0.03,-0.2349,4622.2,5890.275
509,603580.SH,20190731,12.89,12.93,12.61,12.77,12.94,-0.17,-1.3138,8236.8,10525.305
510,603580.SH,20190730,12.89,12.99,12.86,12.94,12.87,0.07,0.5439,4752.6,6149.547
511,603580.SH,20190729,13.09,13.09,12.81,12.87,12.99,-0.12,-0.9238,6885.28,8892.387
512,603580.SH,20190726,13.13,13.13,12.9,12.99,13.13,-0.14,-1.0663,5664.7,7361.759
513,603580.SH,20190725,13.29,13.34,13.01,13.13,13.42,-0.29,-2.161,10392.91,13647.194
514,603580.SH,20190724,12.98,13.47,12.98,13.42,12.96,0.46,3.5494,10795.0,14346.813
515,603580.SH,20190723,18.03,18.33,17.98,18.27,18.1,0.17,0.9392,4331.42,7905.314
516,603580.SH,20190722,18.72,18.72,17.85,18.1,18.61,-0.51,-2.7405,4890.4,8895.672
517,603580.SH,20190719,18.5,18.74,18.31,18.61,18.47,0.14,0.758,3561.6,6638.105
518,603580.SH,20190718,18.8,18.8,18.27,18.47,18.7,-0.23,-1.2299,4335.4,8004.749
519,603580.SH,20190717,18.76,18.82,18.65,18.7,18.76,-0.06,-0.3198,3352.8,6280.999
520,603580.SH,20190716,18.73,18.85,18.61,18.76,18.72,0.04,0.2137,2972.8,5560.38
521,603580.SH,20190715,18.48,18.83,18.29,18.72,18.48,0.24,1.2987,4477.0,8331.624
522,603580.SH,20190712,18.31,18.55,18.3,18.48,18.25,0.23,1.2603,2576.8,4751.882
523,603580.SH,20190711,18.3,18.5,18.21,18.25,18.17,0.08,0.4403,3857.2,7080.041
524,603580.SH,20190710,18.41,18.63,18.09,18.17,18.57,-0.4,-2.154,4312.2,7907.778
525,603580.SH,20190709,18.34,18.62,18.3,18.57,18.36,0.21,1.1438,3715.6,6862.829
526,603580.SH,20190708,18.99,19.18,18.36,18.36,19.18,-0.82,-4.2753,7560.02,14118.804
527,603580.SH,20190705,19.19,19.24,19.04,19.18,19.05,0.13,0.6824,4263.82,8159.845
528,603580.SH,20190704,19.05,19.32,18.93,19.05,19.09,-0.04,-0.2095,5756.28,10994.532
529,603580.SH,20190703,19.55,19.55,19.04,19.09,19.42,-0.33,-1.6993,8484.3,16292.362
530,603580.SH,20190702,19.6,19.76,19.33,19.42,19.59,-0.17,-0.8678,7784.08,15186.19
531,603580.SH,20190701,19.61,19.8,19.47,19.59,19.42,0.17,0.8754,8895.88,17485.23
532,603580.SH,20190628,19.48,19.83,19.18,19.42,19.45,-0.03,-0.1542,10700.15,20879.963
533,603580.SH,20190627,19.53,19.85,19.31,19.45,19.48,-0.03,-0.154,12181.04,23836.763
534,603580.SH,20190626,19.13,19.64,19.13,19.48,19.28,0.2,1.0373,11461.3,22280.648
535,603580.SH,20190625,19.2,19.44,18.78,19.28,19.2,0.08,0.4167,11854.6,22715.856
536,603580.SH,20190624,18.99,19.48,18.9,19.2,18.96,0.24,1.2658,11481.54,22031.386
537,603580.SH,20190621,18.92,19.38,18.9,18.96,18.8,0.16,0.8511,10301.38,19665.93
538,603580.SH,20190620,18.86,19.03,18.58,18.8,18.94,-0.14,-0.7392,13046.18,24471.754
539,603580.SH,20190619,19.1,19.18,18.9,18.94,18.95,-0.01,-0.0528,12072.4,22975.699
540,603580.SH,20190618,18.96,19.2,18.78,18.95,18.96,-0.01,-0.0527,11809.7,22435.348
541,603580.SH,20190617,18.27,19.41,18.05,18.96,18.28,0.68,3.7199,22255.49,41814.908
542,603580.SH,20190614,18.74,18.83,18.28,18.28,18.74,-0.46,-2.4546,7919.2,14689.431
543,603580.SH,20190613,18.22,18.96,18.22,18.74,18.22,0.52,2.854,11362.12,21208.175
544,603580.SH,20190612,18.21,18.45,18.2,18.22,18.3,-0.08,-0.4372,5946.1,10890.206
545,603580.SH,20190611,17.78,18.38,17.77,18.3,17.87,0.43,2.4063,9700.4,17663.456
546,603580.SH,20190610,17.8,18.09,17.68,17.87,17.68,0.19,1.0747,2803.0,5012.906
547,603580.SH,20190606,17.81,18.08,17.57,17.68,18.12,-0.44,-2.4283,5873.6,10443.152
548,603580.SH,20190605,18.14,18.4,18.03,18.12,18.1,0.02,0.1105,5772.0,10488.35
549,603580.SH,20190604,18.18,18.19,17.96,18.1,18.14,-0.04,-0.2205,4574.2,8276.598
550,603580.SH,20190603,18.08,18.38,17.9,18.14,18.13,0.01,0.0552,5791.0,10484.484
551,603580.SH,20190531,18.03,18.25,17.95,18.13,18.02,0.11,0.6104,5898.4,10677.952
552,603580.SH,20190530,18.13,18.2,17.66,18.02,18.0,0.02,0.1111,6494.0,11668.096
553,603580.SH,20190529,17.71,18.3,17.56,18.0,17.71,0.29,1.6375,8699.6,15713.901
554,603580.SH,20190528,17.94,17.95,17.65,17.71,17.76,-0.05,-0.2815,5179.8,9219.492
555,603580.SH,20190527,17.05,17.92,17.05,17.76,17.18,0.58,3.376,7267.8,12797.108
556,603580.SH,20190524,17.56,17.56,17.18,17.18,17.41,-0.23,-1.3211,2976.2,5158.49
557,603580.SH,20190523,17.7,17.7,17.35,17.41,17.76,-0.35,-1.9707,5280.0,9261.587
558,603580.SH,20190522,17.57,18.17,17.4,17.76,17.58,0.18,1.0239,7815.8,13888.36
559,603580.SH,20190521,17.31,17.65,17.31,17.58,17.31,0.27,1.5598,4969.6,8715.148
560,603580.SH,20190520,17.59,17.59,17.1,17.31,17.48,-0.17,-0.9725,5359.09,9257.23
561,603580.SH,20190517,18.4,18.4,17.45,17.48,18.31,-0.83,-4.533,10578.52,18890.503
562,603580.SH,20190516,18.14,18.46,18.11,18.31,18.14,0.17,0.9372,9893.4,18050.269
563,603580.SH,20190515,17.87,18.26,17.87,18.14,17.89,0.25,1.3974,9064.09,16412.062
564,603580.SH,20190514,18.18,18.29,17.86,17.89,18.37,-0.48,-2.613,9566.69,17241.766
565,603580.SH,20190513,17.65,18.49,17.35,18.37,17.85,0.52,2.9132,12585.69,22681.258
566,603580.SH,20190510,17.62,18.1,17.21,17.85,17.56,0.29,1.6515,14868.49,26433.751
567,603580.SH,20190509,17.9,17.97,17.1,17.56,18.62,-1.06,-5.6928,17286.61,30333.759
568,603580.SH,20190508,18.19,19.56,17.8,18.62,18.32,0.3,1.6376,35580.01,66706.855
569,603580.SH,20190507,16.71,18.32,16.71,18.32,16.65,1.67,10.03,11905.69,21376.81
570,603580.SH,20190506,17.24,17.5,16.16,16.65,17.76,-1.11,-6.25,13791.0,23188.555
571,603580.SH,20190430,17.78,17.96,17.61,17.76,17.73,0.03,0.1692,7032.89,12524.809
572,603580.SH,20190429,18.21,18.49,17.7,17.73,18.15,-0.42,-2.314,11161.6,20054.736
573,603580.SH,20190426,18.03,18.55,18.01,18.15,18.13,0.02,0.1103,10008.8,18327.041
574,603580.SH,20190425,19.21,19.3,18.1,18.13,19.16,-1.03,-5.3758,11053.0,20774.776
575,603580.SH,20190424,19.09,19.37,18.86,19.16,19.19,-0.03,-0.1563,7938.01,15179.012
576,603580.SH,20190423,19.82,19.82,19.06,19.19,19.78,-0.59,-2.9828,15325.08,29602.727
577,603580.SH,20190422,20.73,20.79,19.63,19.78,20.89,-1.11,-5.3135,30394.24,60656.112
578,603580.SH,20190419,20.7,21.9,20.5,20.89,20.88,0.01,0.0479,49855.8,105534.818
579,603580.SH,20190418,20.0,21.17,19.8,20.88,19.96,0.92,4.6092,43380.49,88761.658
580,603580.SH,20190417,18.82,20.15,18.72,19.96,18.81,1.15,6.1138,43476.98,85277.593
581,603580.SH,20190416,18.97,19.09,18.23,18.81,18.9,-0.09,-0.4762,12818.09,23958.141
582,603580.SH,20190415,19.16,19.33,18.65,18.9,19.06,-0.16,-0.8395,12174.6,23154.442
583,603580.SH,20190412,19.23,19.4,18.85,19.06,19.17,-0.11,-0.5738,7369.24,14105.433
584,603580.SH,20190411,19.4,19.41,19.1,19.17,19.3,-0.13,-0.6736,7026.08,13519.347
585,603580.SH,20190410,19.22,19.37,18.94,19.3,19.22,0.08,0.4162,9251.0,17747.34
586,603580.SH,20190409,19.18,19.34,19.0,19.22,19.15,0.07,0.3655,7871.75,15099.448
587,603580.SH,20190408,19.69,19.7,18.81,19.15,19.35,-0.2,-1.0336,10434.0,20070.56
588,603580.SH,20190404,19.4,19.54,19.28,19.35,19.41,-0.06,-0.3091,14109.4,27369.907
589,603580.SH,20190403,19.19,19.5,19.04,19.41,19.3,0.11,0.5699,19203.69,37110.798
590,603580.SH,20190402,19.45,19.47,19.0,19.3,19.39,-0.09,-0.4642,18407.29,35338.254
591,603580.SH,20190401,19.48,19.49,19.11,19.39,19.1,0.29,1.5183,28208.0,54523.301
592,603580.SH,20190329,18.6,19.13,18.5,19.1,18.75,0.35,1.8667,10347.71,19562.532
593,603580.SH,20190328,18.79,19.4,18.5,18.75,18.79,-0.04,-0.2129,12275.7,23366.388
594,603580.SH,20190327,18.4,18.92,18.35,18.79,18.28,0.51,2.7899,10150.0,18943.418
595,603580.SH,20190326,19.05,19.2,18.02,18.28,19.05,-0.77,-4.042,9678.73,18072.098
596,603580.SH,20190325,18.59,19.28,18.58,19.05,19.2,-0.15,-0.7813,12129.6,22992.101
597,603580.SH,20190322,19.15,19.28,18.78,19.2,19.27,-0.07,-0.3633,13973.1,26523.061
598,603580.SH,20190321,18.6,19.29,18.47,19.27,18.56,0.71,3.8254,22606.0,42912.408
599,603580.SH,20190320,18.5,18.67,18.32,18.56,18.5,0.06,0.3243,12157.2,22495.363
600,603580.SH,20190319,18.65,18.82,18.11,18.5,18.5,0.0,0.0,14869.2,27487.442
601,603580.SH,20190318,18.19,18.9,17.88,18.5,18.0,0.5,2.7778,13840.91,25575.742
602,603580.SH,20190315,17.62,18.09,17.61,18.0,17.5,0.5,2.8571,11225.0,20138.73
603,603580.SH,20190314,18.45,18.45,17.21,17.5,18.05,-0.55,-3.0471,12523.8,22142.427
604,603580.SH,20190313,18.02,18.55,17.9,18.05,18.0,0.05,0.2778,12216.6,22286.645
605,603580.SH,20190312,17.86,18.43,17.86,18.0,17.86,0.14,0.7839,15178.21,27562.9
606,603580.SH,20190311,17.51,17.89,17.46,17.86,17.41,0.45,2.5847,12821.2,22707.539
607,603580.SH,20190308,18.05,18.3,17.3,17.41,18.4,-0.99,-5.3804,21171.18,37680.813
608,603580.SH,20190307,17.99,18.86,17.68,18.4,18.05,0.35,1.9391,23517.4,42696.904
609,603580.SH,20190306,17.95,18.16,17.36,18.05,18.03,0.02,0.1109,29069.39,51745.332
610,603580.SH,20190305,17.42,18.1,17.05,18.03,17.42,0.61,3.5017,38635.07,68526.601
611,603580.SH,20190304,16.95,17.43,16.81,17.42,16.94,0.48,2.8335,21710.8,37242.6
612,603580.SH,20190301,16.95,17.35,16.78,16.94,16.78,0.16,0.9535,16267.53,27741.471
613,603580.SH,20190228,16.53,16.87,16.52,16.78,16.56,0.22,1.3285,8228.6,13780.337
614,603580.SH,20190227,16.57,16.87,16.48,16.56,16.57,-0.01,-0.0604,12191.08,20348.943
615,603580.SH,20190226,16.71,16.98,16.41,16.57,16.68,-0.11,-0.6595,17664.57,29474.799
616,603580.SH,20190225,16.1,16.68,16.09,16.68,16.09,0.59,3.6669,16237.68,26663.215
617,603580.SH,20190222,15.72,16.11,15.63,16.09,15.81,0.28,1.771,9848.1,15716.445
618,603580.SH,20190221,15.98,16.13,15.73,15.81,15.92,-0.11,-0.691,9017.15,14398.052
619,603580.SH,20190220,15.91,15.96,15.73,15.92,15.89,0.03,0.1888,6979.86,11050.934
620,603580.SH,20190219,16.0,16.05,15.75,15.89,15.98,-0.09,-0.5632,7953.46,12643.536
621,603580.SH,20190218,15.75,16.04,15.71,15.98,15.59,0.39,2.5016,8319.6,13226.21
622,603580.SH,20190215,15.63,15.75,15.53,15.59,15.61,-0.02,-0.1281,6245.0,9772.777
623,603580.SH,20190214,15.69,15.73,15.56,15.61,15.65,-0.04,-0.2556,5633.0,8809.781
624,603580.SH,20190213,15.44,15.7,15.44,15.65,15.44,0.21,1.3601,7472.87,11650.6
625,603580.SH,20190212,15.27,15.62,15.27,15.44,15.28,0.16,1.0471,5334.07,8236.593
626,603580.SH,20190211,15.01,15.36,15.01,15.28,14.99,0.29,1.9346,6463.41,9833.378
627,603580.SH,20190201,14.56,15.0,14.56,14.99,14.6,0.39,2.6712,4267.1,6335.573
628,603580.SH,20190131,15.08,15.17,14.55,14.6,15.09,-0.49,-3.2472,6822.8,10104.027
629,603580.SH,20190130,15.29,15.48,15.06,15.09,15.45,-0.36,-2.3301,4792.2,7310.217
630,603580.SH,20190129,15.73,15.8,15.03,15.45,15.73,-0.28,-1.78,8031.9,12392.044
631,603580.SH,20190128,16.09,16.3,15.6,15.73,16.16,-0.43,-2.6609,9902.4,15772.697
632,603580.SH,20190125,16.3,16.36,16.06,16.16,16.32,-0.16,-0.9804,5626.6,9108.668
633,603580.SH,20190124,16.42,16.52,16.25,16.32,16.39,-0.07,-0.4271,5682.3,9285.691
634,603580.SH,20190123,16.19,16.45,16.14,16.39,16.25,0.14,0.8615,7854.04,12822.499
635,603580.SH,20190122,16.23,16.29,15.9,16.25,16.13,0.12,0.744,8429.69,13624.286
636,603580.SH,20190121,16.08,16.3,16.01,16.13,15.98,0.15,0.9387,5009.2,8085.179
637,603580.SH,20190118,16.14,16.14,15.9,15.98,15.91,0.07,0.44,3930.2,6294.082
638,603580.SH,20190117,16.26,16.26,15.84,15.91,16.22,-0.31,-1.9112,6370.96,10210.096
639,603580.SH,20190116,16.18,16.3,16.12,16.22,16.17,0.05,0.3092,8028.89,13022.656
640,603580.SH,20190115,16.07,16.21,15.93,16.17,16.02,0.15,0.9363,5708.76,9171.94
641,603580.SH,20190114,16.45,16.45,15.96,16.02,16.11,-0.09,-0.5587,4486.4,7234.129
642,603580.SH,20190111,15.96,16.56,15.86,16.11,15.96,0.15,0.9398,8105.73,13064.86
643,603580.SH,20190110,16.16,16.16,15.82,15.96,16.04,-0.08,-0.4988,6068.27,9664.847
644,603580.SH,20190109,16.01,16.25,15.95,16.04,15.99,0.05,0.3127,6950.67,11203.329
645,603580.SH,20190108,16.1,16.16,15.92,15.99,16.07,-0.08,-0.4978,3861.83,6181.435
646,603580.SH,20190107,16.14,16.14,15.95,16.07,15.91,0.16,1.0057,5305.26,8504.925
647,603580.SH,20190104,15.57,15.96,15.2,15.91,15.62,0.29,1.8566,6075.0,9528.452
648,603580.SH,20190103,15.72,15.95,15.62,15.62,15.7,-0.08,-0.5096,5148.6,8115.17
649,603580.SH,20190102,15.94,16.0,15.32,15.7,15.94,-0.24,-1.5056,4147.6,6578.134
650,603580.SH,20181228,15.84,16.15,15.63,15.94,15.92,0.02,0.1256,7268.11,11546.075
651,603580.SH,20181227,16.75,16.75,15.92,15.92,16.51,-0.59,-3.5736,8780.46,14313.492
652,603580.SH,20181226,16.63,16.63,16.34,16.51,16.42,0.09,0.5481,6781.07,11161.114
653,603580.SH,20181225,16.6,16.63,16.02,16.42,16.61,-0.19,-1.1439,9070.95,14779.717
654,603580.SH,20181224,16.45,16.69,16.39,16.61,16.38,0.23,1.4042,8334.0,13815.629
655,603580.SH,20181221,16.29,16.55,16.22,16.38,16.19,0.19,1.1736,7689.62,12597.413
656,603580.SH,20181220,15.9,16.24,15.83,16.19,15.91,0.28,1.7599,5373.63,8633.875
657,603580.SH,20181219,16.27,16.28,15.9,15.91,16.21,-0.3,-1.8507,5784.66,9291.749
658,603580.SH,20181218,16.19,16.35,15.97,16.21,16.17,0.04,0.2474,4995.45,8080.237
659,603580.SH,20181217,16.09,16.28,16.0,16.17,16.22,-0.05,-0.3083,6948.0,11221.662
660,603580.SH,20181214,16.52,16.79,16.1,16.22,16.55,-0.33,-1.994,8766.93,14425.457
661,603580.SH,20181213,16.62,16.79,16.49,16.55,16.53,0.02,0.121,9316.58,15500.462
662,603580.SH,20181212,16.43,16.76,16.33,16.53,16.35,0.18,1.1009,10949.14,18111.581
663,603580.SH,20181211,16.33,16.4,16.11,16.35,16.2,0.15,0.9259,7240.47,11779.753
664,603580.SH,20181210,16.23,16.36,16.03,16.2,16.29,-0.09,-0.5525,6709.4,10864.303
665,603580.SH,20181207,16.14,16.48,15.9,16.29,16.03,0.26,1.622,9881.0,16027.921
666,603580.SH,20181206,16.35,16.5,16.02,16.03,16.35,-0.32,-1.9572,8243.0,13369.395
667,603580.SH,20181205,16.15,16.59,16.02,16.35,16.39,-0.04,-0.2441,9144.8,14931.3
668,603580.SH,20181204,16.05,16.46,16.05,16.39,16.17,0.22,1.3605,11030.89,17953.924
669,603580.SH,20181203,16.17,16.28,15.85,16.17,15.81,0.36,2.277,10934.45,17641.628
670,603580.SH,20181130,15.48,15.92,15.3,15.81,15.48,0.33,2.1318,7180.38,11228.193
671,603580.SH,20181129,16.1,16.13,15.42,15.48,15.93,-0.45,-2.8249,8364.38,13173.333
672,603580.SH,20181128,16.11,16.11,15.4,15.93,15.93,0.0,0.0,9254.8,14570.713
673,603580.SH,20181127,15.96,16.18,15.73,15.93,15.76,0.17,1.0787,7873.0,12567.313
674,603580.SH,20181126,16.17,16.44,15.5,15.76,16.2,-0.44,-2.716,12393.4,19817.219
675,603580.SH,20181123,17.03,17.36,16.18,16.2,16.92,-0.72,-4.2553,21464.38,35755.271
676,603580.SH,20181122,16.72,17.55,16.72,16.92,16.55,0.37,2.2356,24025.6,41166.321
677,603580.SH,20181121,16.2,16.73,16.2,16.55,16.28,0.27,1.6585,13903.4,22937.982
678,603580.SH,20181120,17.1,17.1,16.28,16.28,17.14,-0.86,-5.0175,11654.07,19515.461
679,603580.SH,20181119,16.85,17.18,16.7,17.14,16.86,0.28,1.6607,15153.45,25729.77
680,603580.SH,20181116,16.81,17.18,16.65,16.86,16.75,0.11,0.6567,19715.85,33378.535
681,603580.SH,20181115,16.37,16.97,16.19,16.75,16.37,0.38,2.3213,21620.81,35927.369
682,603580.SH,20181114,16.42,16.78,16.33,16.37,16.44,-0.07,-0.4258,20451.45,33883.409
683,603580.SH,20181113,16.27,16.54,16.03,16.44,16.45,-0.01,-0.0608,18811.07,30667.411
684,603580.SH,20181112,16.17,16.55,15.98,16.45,16.23,0.22,1.3555,19661.92,32036.131
685,603580.SH,20181109,15.8,16.24,15.71,16.23,15.98,0.25,1.5645,19581.2,31408.357
686,603580.SH,20181108,15.6,16.15,15.46,15.98,15.45,0.53,3.4304,17203.43,27222.454
687,603580.SH,20181107,15.6,15.74,15.43,15.45,15.65,-0.2,-1.278,8874.6,13823.359
688,603580.SH,20181106,15.75,15.76,15.2,15.65,15.85,-0.2,-1.2618,8471.72,13127.977
689,603580.SH,20181105,15.87,16.05,15.5,15.85,15.85,0.0,0.0,13830.27,21863.133
690,603580.SH,20181102,15.75,15.91,15.55,15.85,15.59,0.26,1.6677,16173.47,25534.89
691,603580.SH,20181101,15.62,15.88,15.5,15.59,15.62,-0.03,-0.1921,15154.07,23760.106
692,603580.SH,20181031,15.34,15.72,15.33,15.62,15.41,0.21,1.3628,15641.6,24355.65
693,603580.SH,20181030,15.2,15.66,15.07,15.41,15.13,0.28,1.8506,15580.45,23900.638
694,603580.SH,20181029,15.55,15.58,14.88,15.13,15.55,-0.42,-2.701,18939.4,28768.347
695,603580.SH,20181026,15.9,16.28,15.55,15.55,15.94,-0.39,-2.4467,23637.17,37395.118
696,603580.SH,20181025,15.31,16.88,15.31,15.94,15.83,0.11,0.6949,38872.34,62944.914
697,603580.SH,20181024,15.81,15.87,15.36,15.83,15.88,-0.05,-0.3149,25158.47,39250.406
698,603580.SH,20181023,16.03,16.18,15.78,15.88,16.53,-0.65,-3.9322,30990.53,49498.766
699,603580.SH,20181022,15.47,16.95,15.38,16.53,15.94,0.59,3.7014,59359.4,95352.667
700,603580.SH,20181019,15.4,16.66,15.0,15.94,15.55,0.39,2.508,60861.19,96803.844
701,603580.SH,20181018,14.78,15.55,14.66,15.55,14.14,1.41,9.9717,27956.2,43184.839
702,603580.SH,20181017,14.09,14.45,13.83,14.14,13.84,0.3,2.1676,8652.4,12185.501
703,603580.SH,20181016,14.05,14.35,13.66,13.84,14.08,-0.24,-1.7045,5369.0,7511.981
704,603580.SH,20181015,14.17,14.52,13.73,14.08,14.13,-0.05,-0.3539,4845.6,6887.371
705,603580.SH,20181012,14.04,14.2,13.56,14.13,14.03,0.1,0.7128,4706.6,6562.266
706,603580.SH,20181011,14.9,14.9,13.73,14.03,15.26,-1.23,-8.0603,7494.2,10688.903
707,603580.SH,20181010,14.68,15.34,14.68,15.26,14.85,0.41,2.7609,6307.4,9546.094
708,603580.SH,20181009,14.69,14.9,14.52,14.85,14.6,0.25,1.7123,2627.4,3879.143
709,603580.SH,20181008,14.91,15.0,14.58,14.6,15.04,-0.44,-2.9255,4311.8,6371.345
710,603580.SH,20180928,14.92,15.12,14.87,15.04,14.91,0.13,0.8719,4332.0,6505.163
711,603580.SH,20180927,15.44,15.44,14.9,14.91,15.3,-0.39,-2.549,6657.2,10040.115
712,603580.SH,20180926,15.4,15.45,15.23,15.3,15.35,-0.05,-0.3257,3890.4,5968.084
713,603580.SH,20180925,15.29,15.38,15.18,15.35,15.31,0.04,0.2613,4455.8,6809.446
714,603580.SH,20180921,15.2,15.32,15.15,15.31,15.17,0.14,0.9229,5112.6,7803.313
715,603580.SH,20180920,15.28,15.35,15.11,15.17,15.29,-0.12,-0.7848,3648.6,5553.781
716,603580.SH,20180919,15.12,15.38,14.51,15.29,15.14,0.15,0.9908,6259.4,9523.654
717,603580.SH,20180918,14.77,15.3,14.66,15.14,14.9,0.24,1.6107,4902.4,7382.599
718,603580.SH,20180917,15.21,15.21,14.81,14.9,15.21,-0.31,-2.0381,4951.0,7399.114
719,603580.SH,20180914,15.48,15.48,15.18,15.21,15.42,-0.21,-1.3619,6548.4,10052.779
720,603580.SH,20180913,15.5,15.62,15.28,15.42,15.41,0.01,0.0649,7562.2,11647.434
721,603580.SH,20180912,15.21,15.58,15.15,15.41,15.5,-0.09,-0.5806,8000.66,12320.303
722,603580.SH,20180911,15.86,15.88,14.81,15.5,16.45,-0.95,-5.7751,23413.21,36129.617
723,603580.SH,20180910,18.4,18.5,16.28,16.45,18.02,-1.57,-8.7125,35605.49,63017.167
724,603580.SH,20180907,17.65,18.15,17.45,18.02,17.71,0.31,1.7504,13897.0,24854.023
725,603580.SH,20180906,17.66,17.95,17.23,17.71,17.58,0.13,0.7395,11707.4,20652.192
726,603580.SH,20180905,17.25,18.1,17.03,17.58,17.31,0.27,1.5598,16538.83,28960.371
727,603580.SH,20180904,16.8,17.4,16.8,17.31,16.88,0.43,2.5474,15366.23,26355.749
728,603580.SH,20180903,16.44,16.9,16.2,16.88,16.39,0.49,2.9896,7490.8,12405.63
729,603580.SH,20180831,16.3,16.66,16.29,16.39,16.45,-0.06,-0.3647,3568.4,5868.657
730,603580.SH,20180830,16.75,16.94,16.41,16.45,16.82,-0.37,-2.1998,5446.76,9074.825
731,603580.SH,20180829,16.75,16.84,16.55,16.82,16.75,0.07,0.4179,5581.6,9357.938
732,603580.SH,20180828,16.57,16.94,16.57,16.75,16.61,0.14,0.8429,7048.46,11794.079
733,603580.SH,20180827,16.45,16.68,16.32,16.61,16.28,0.33,2.027,6059.83,10036.299
734,603580.SH,20180824,16.45,16.66,16.25,16.28,16.58,-0.3,-1.8094,5240.0,8609.79
735,603580.SH,20180823,16.48,16.76,16.2,16.58,16.54,0.04,0.2418,21874.73,35825.695
736,603580.SH,20180822,17.22,17.32,16.54,16.54,17.5,-0.96,-5.4857,6647.7,11256.401
737,603580.SH,20180821,18.1,18.26,17.49,17.5,18.28,-0.78,-4.267,16825.19,29855.063
738,603580.SH,20180820,18.07,18.35,17.18,18.28,18.13,0.15,0.8274,9455.63,16788.249
739,603580.SH,20180817,17.98,18.36,17.65,18.13,18.02,0.11,0.6104,12526.6,22479.603
740,603580.SH,20180816,17.72,18.19,17.48,18.02,17.95,0.07,0.39,9347.2,16847.782
741,603580.SH,20180815,17.57,18.08,17.41,17.95,17.73,0.22,1.2408,10624.0,18950.881
742,603580.SH,20180814,17.36,17.77,17.25,17.73,17.5,0.23,1.3143,9389.85,16508.511
743,603580.SH,20180813,16.65,17.68,16.48,17.5,16.82,0.68,4.0428,11229.93,19305.833
744,603580.SH,20180810,16.93,17.07,16.6,16.82,16.93,-0.11,-0.6497,2740.6,4615.609
745,603580.SH,20180809,16.86,17.14,16.63,16.93,16.87,0.06,0.3557,5716.48,9710.757
746,603580.SH,20180808,16.85,17.2,16.54,16.87,16.82,0.05,0.2973,16177.33,27410.615
747,603580.SH,20180807,16.7,16.84,16.4,16.82,16.45,0.37,2.2492,5020.88,8375.073
748,603580.SH,20180806,16.08,16.7,16.08,16.45,16.41,0.04,0.2438,8845.68,14556.093
749,603580.SH,20180803,16.2,16.48,16.15,16.41,16.11,0.3,1.8622,7601.07,12433.111
750,603580.SH,20180802,16.59,16.77,15.65,16.11,16.75,-0.64,-3.8209,7974.6,12852.527
751,603580.SH,20180801,16.72,17.03,16.6,16.75,16.78,-0.03,-0.1788,3564.6,5977.464
752,603580.SH,20180731,16.79,16.9,16.61,16.78,16.81,-0.03,-0.1785,5034.0,8445.083
753,603580.SH,20180730,17.8,17.85,16.36,16.81,18.0,-1.19,-6.6111,14957.88,25800.319
754,603580.SH,20180727,19.1,19.44,17.98,18.0,18.38,-0.38,-2.0675,30284.24,57257.32
755,603580.SH,20180726,17.57,18.45,17.32,18.38,17.72,0.66,3.7246,16627.91,29910.445
756,603580.SH,20180725,17.63,17.77,17.44,17.72,17.63,0.09,0.5105,6071.83,10710.356
757,603580.SH,20180724,17.35,17.63,17.28,17.63,17.35,0.28,1.6138,9008.45,15803.54
758,603580.SH,20180723,17.4,17.4,17.21,17.35,17.34,0.01,0.0577,4556.6,7887.05
759,603580.SH,20180720,17.01,17.45,16.82,17.34,17.12,0.22,1.285,4131.98,7106.799
760,603580.SH,20180719,17.31,17.46,16.94,17.12,17.31,-0.19,-1.1,4269.2,7324.51
761,603580.SH,20180718,17.31,17.51,17.16,17.31,17.33,-0.02,-0.12,4458.4,7746.838
762,603580.SH,20180717,17.44,17.44,17.13,17.33,17.45,-0.12,-0.69,4101.6,7080.322
763,603580.SH,20180716,17.35,17.79,17.21,17.45,17.47,-0.02,-0.11,3907.8,6815.471
764,603580.SH,20180713,17.36,17.56,17.13,17.47,17.41,0.06,0.34,5397.78,9364.432
765,603580.SH,20180712,16.78,17.46,16.72,17.41,16.81,0.6,3.57,6599.66,11393.075
766,603580.SH,20180711,17.19,17.19,16.5,16.81,17.22,-0.41,-2.38,5422.56,9144.315
767,603580.SH,20180710,17.05,17.27,16.96,17.22,17.12,0.1,0.58,3593.35,6156.397
768,603580.SH,20180709,16.36,17.18,16.36,17.12,16.6,0.52,3.13,3750.46,6328.0
769,603580.SH,20180706,16.46,16.78,15.88,16.6,16.31,0.29,1.78,5058.25,8317.25
770,603580.SH,20180705,16.51,17.0,16.22,16.31,16.92,-0.61,-3.61,4040.8,6727.408
771,603580.SH,20180704,17.31,17.37,16.82,16.92,17.32,-0.4,-2.31,4086.4,6975.196
772,603580.SH,20180703,16.8,17.36,16.8,17.32,16.88,0.44,2.61,4473.8,7672.121
773,603580.SH,20180702,17.26,17.5,16.67,16.88,17.34,-0.46,-2.65,3821.6,6553.412
774,603580.SH,20180629,16.99,17.49,16.85,17.34,16.93,0.41,2.42,5493.8,9481.574
775,603580.SH,20180628,17.37,17.37,16.72,16.93,17.15,-0.22,-1.28,3757.8,6412.893
776,603580.SH,20180627,17.28,17.45,17.03,17.15,17.21,-0.06,-0.35,3389.6,5851.672
777,603580.SH,20180626,16.01,17.27,16.01,17.21,16.85,0.36,2.14,4361.2,7407.223
778,603580.SH,20180625,17.38,17.38,16.7,16.85,16.8,0.05,0.3,3153.6,5363.183
779,603580.SH,20180622,16.11,17.17,16.03,16.8,16.37,0.43,2.63,4409.6,7377.806
780,603580.SH,20180621,17.14,17.42,16.01,16.37,17.14,-0.77,-4.49,5394.6,9075.878
781,603580.SH,20180620,16.66,17.45,16.31,17.14,16.66,0.48,2.88,4934.4,8350.911
782,603580.SH,20180619,18.12,18.43,16.61,16.66,18.45,-1.79,-9.7,12456.0,21404.166
783,603580.SH,20180615,19.48,19.78,18.01,18.45,19.48,-1.03,-5.29,6178.0,11603.704
784,603580.SH,20180614,19.2,19.79,19.2,19.48,19.55,-0.07,-0.36,5255.6,10225.449
785,603580.SH,20180613,20.38,20.38,19.5,19.55,20.38,-0.83,-4.07,6391.0,12690.261
786,603580.SH,20180612,20.39,20.7,19.7,20.38,20.37,0.01,0.05,4907.6,9918.87
787,603580.SH,20180611,20.22,20.85,20.22,20.37,20.2,0.17,0.84,6045.8,12424.569
788,603580.SH,20180608,20.52,20.52,20.08,20.2,20.6,-0.4,-1.94,5832.8,11837.968
789,603580.SH,20180607,21.18,21.46,20.48,20.6,21.07,-0.47,-2.23,5690.6,11907.2
790,603580.SH,20180606,21.0,21.3,20.75,21.07,20.85,0.22,1.06,6050.8,12733.276
791,603580.SH,20180605,20.5,20.98,20.5,20.85,20.59,0.26,1.26,5706.6,11871.475
792,603580.SH,20180604,20.75,20.88,20.5,20.59,20.75,-0.16,-0.77,4959.2,10251.756
793,603580.SH,20180601,20.74,21.21,20.57,20.75,20.89,-0.14,-0.67,7641.8,15933.999
794,603580.SH,20180531,20.6,20.94,19.93,20.89,20.31,0.58,2.86,7981.6,16382.272
795,603580.SH,20180530,21.9,21.9,19.89,20.31,22.1,-1.79,-8.1,14802.6,30847.625
796,603580.SH,20180529,22.1,22.6,22.06,22.1,22.29,-0.19,-0.85,9797.0,21841.929
797,603580.SH,20180528,22.67,22.79,22.2,22.29,22.67,-0.38,-1.68,16475.6,37002.828
798,603580.SH,20180525,22.08,23.28,22.08,22.67,22.33,0.34,1.52,25702.25,58189.071
799,603580.SH,20180524,21.39,23.11,21.39,22.33,22.24,0.09,0.4,11020.0,24837.08
800,603580.SH,20180523,31.86,32.39,31.24,31.28,32.1,-0.82,-2.55,14971.0,47576.941
801,603580.SH,20180522,30.81,32.7,30.6,32.1,30.92,1.18,3.82,18697.0,59285.959
802,603580.SH,20180521,30.43,31.24,30.31,30.92,30.22,0.7,2.32,11123.0,34394.738
803,603580.SH,20180518,30.02,30.5,29.89,30.22,30.25,-0.03,-0.1,8583.0,25916.981
804,603580.SH,20180517,30.0,30.5,29.8,30.25,29.67,0.58,1.95,8795.0,26526.62
805,603580.SH,20180516,29.97,30.15,29.63,29.67,30.05,-0.38,-1.26,4386.0,13112.393
806,603580.SH,20180515,29.0,30.1,29.0,30.05,29.57,0.48,1.62,6251.0,18622.294
807,603580.SH,20180514,29.49,30.2,29.31,29.57,29.56,0.01,0.03,4755.0,14121.771
808,603580.SH,20180511,30.07,30.3,29.51,29.56,30.15,-0.59,-1.96,5753.0,17188.882
809,603580.SH,20180510,30.1,30.5,30.0,30.15,30.1,0.05,0.17,6214.0,18800.912
810,603580.SH,20180509,29.95,30.58,29.68,30.1,29.95,0.15,0.5,6879.0,20698.056
811,603580.SH,20180508,29.42,30.05,29.26,29.95,29.42,0.53,1.8,8130.0,24232.232
812,603580.SH,20180507,28.59,29.52,28.59,29.42,28.92,0.5,1.73,4995.0,14658.813
813,603580.SH,20180504,28.94,29.14,28.71,28.92,28.95,-0.03,-0.1,4110.0,11902.77
814,603580.SH,20180503,28.57,28.98,27.66,28.95,28.57,0.38,1.33,5282.0,15054.455
815,603580.SH,20180502,28.79,29.08,28.38,28.57,28.79,-0.22,-0.76,2836.0,8120.133
816,603580.SH,20180427,28.92,29.01,28.58,28.79,28.79,0.0,0.0,3660.0,10545.63
817,603580.SH,20180426,29.37,29.37,28.71,28.79,29.37,-0.58,-1.97,5141.0,14857.413
818,603580.SH,20180425,28.75,29.57,28.54,29.37,28.89,0.48,1.66,8330.0,24295.236
819,603580.SH,20180424,27.71,28.92,27.7,28.89,27.79,1.1,3.96,6151.0,17632.704
820,603580.SH,20180423,27.95,28.32,27.32,27.79,28.21,-0.42,-1.49,4052.0,11299.494
821,603580.SH,20180420,28.97,28.97,28.07,28.21,28.91,-0.7,-2.42,6946.0,19719.676
822,603580.SH,20180419,29.25,29.65,28.7,28.91,29.51,-0.6,-2.03,5507.0,16099.291
823,603580.SH,20180418,28.57,29.79,27.51,29.51,28.26,1.25,4.42,10377.0,29672.711
824,603580.SH,20180417,29.91,30.2,28.15,28.26,29.91,-1.65,-5.52,12721.0,36940.006
825,603580.SH,20180416,30.17,30.78,29.51,29.91,30.17,-0.26,-0.86,13842.0,42045.342
826,603580.SH,20180413,30.16,30.45,29.78,30.17,30.13,0.04,0.13,12806.0,38652.272
827,603580.SH,20180412,30.33,30.7,29.92,30.13,30.31,-0.18,-0.59,15005.0,45565.047
828,603580.SH,20180411,29.36,30.5,29.36,30.31,29.11,1.2,4.12,25871.0,77993.328
829,603580.SH,20180410,29.4,29.6,28.62,29.11,29.49,-0.38,-1.29,11169.0,32488.469
830,603580.SH,20180409,29.28,29.59,28.88,29.49,29.64,-0.15,-0.51,12029.0,35264.791
831,603580.SH,20180404,29.34,29.9,28.81,29.64,29.26,0.38,1.3,15968.0,47197.215
832,603580.SH,20180403,29.0,29.33,28.56,29.26,29.35,-0.09,-0.31,10714.0,31097.155
833,603580.SH,20180402,29.35,29.72,29.06,29.35,29.51,-0.16,-0.54,18288.0,53635.119
834,603580.SH,20180330,29.52,29.85,28.98,29.51,29.64,-0.13,-0.44,24931.0,73384.776
835,603580.SH,20180329,29.24,29.8,28.8,29.64,29.42,0.22,0.75,21020.0,61918.941
836,603580.SH,20180328,30.07,30.62,29.3,29.42,30.89,-1.47,-4.76,28557.0,85468.825
837,603580.SH,20180327,28.57,31.3,28.57,30.89,29.56,1.33,4.5,48171.97,143060.264
838,603580.SH,20180326,29.78,30.77,28.88,29.56,28.56,1.0,3.5,61450.0,181904.809
839,603580.SH,20180323,27.95,28.69,26.19,28.56,28.56,0.0,0.0,22630.0,62913.631
840,603580.SH,20180322,27.61,28.58,27.61,28.56,27.84,0.72,2.59,9899.0,28013.943
841,603580.SH,20180321,28.08,28.65,27.39,27.84,28.09,-0.25,-0.89,9068.0,25572.228
842,603580.SH,20180320,27.89,28.53,27.52,28.09,28.0,0.09,0.32,9363.0,26347.587
843,603580.SH,20180319,26.99,28.14,26.88,28.0,26.86,1.14,4.24,8447.0,23462.528
844,603580.SH,20180316,26.4,27.29,26.26,26.86,26.56,0.3,1.13,8077.0,21659.684
845,603580.SH,20180315,27.47,27.48,25.85,26.56,27.68,-1.12,-4.05,12837.0,34077.934
846,603580.SH,20180314,27.18,27.97,27.18,27.68,27.47,0.21,0.76,9998.0,27676.432
847,603580.SH,20180313,28.24,28.27,27.44,27.47,28.24,-0.77,-2.73,7816.0,21690.75
848,603580.SH,20180312,27.8,28.67,27.74,28.24,27.78,0.46,1.66,10200.0,28797.83
849,603580.SH,20180309,27.0,27.97,26.99,27.78,27.12,0.66,2.43,8790.0,24260.2
850,603580.SH,20180308,26.3,27.18,26.3,27.12,26.46,0.66,2.49,9758.0,26198.421
851,603580.SH,20180307,26.21,26.59,26.01,26.46,26.28,0.18,0.68,7741.0,20352.58
852,603580.SH,20180306,25.85,26.66,25.85,26.28,25.88,0.4,1.55,8226.0,21684.939
853,603580.SH,20180305,25.34,25.9,25.25,25.88,25.31,0.57,2.25,6623.0,16972.198
854,603580.SH,20180302,25.42,25.72,25.23,25.31,25.49,-0.18,-0.71,5169.0,13159.146
855,603580.SH,20180301,25.0,25.55,24.9,25.49,25.1,0.39,1.55,5592.0,14180.491
856,603580.SH,20180228,25.38,25.45,24.92,25.1,25.55,-0.45,-1.76,6700.0,16848.15
857,603580.SH,20180227,25.58,25.81,25.42,25.55,25.62,-0.07,-0.27,6551.0,16788.072
858,603580.SH,20180226,24.97,25.64,24.97,25.62,24.76,0.86,3.47,8942.0,22712.017
859,603580.SH,20180223,24.4,24.87,24.26,24.76,24.34,0.42,1.73,5437.0,13357.197
860,603580.SH,20180222,24.02,24.66,24.02,24.34,23.99,0.35,1.46,3652.0,8886.813
861,603580.SH,20180214,24.26,24.43,23.87,23.99,24.26,-0.27,-1.11,4649.0,11198.621
862,603580.SH,20180213,24.15,24.59,24.13,24.26,24.12,0.14,0.58,6883.0,16750.418
863,603580.SH,20180212,23.47,24.4,23.47,24.12,23.35,0.77,3.3,6120.0,14714.539
864,603580.SH,20180209,23.86,24.17,23.0,23.35,24.39,-1.04,-4.26,9280.31,21953.979
865,603580.SH,20180208,23.89,24.57,23.89,24.39,24.02,0.37,1.54,8292.0,20226.396
866,603580.SH,20180207,24.01,24.5,23.22,24.02,23.47,0.55,2.34,11954.0,28691.293
867,603580.SH,20180206,25.5,25.86,23.46,23.47,26.07,-2.6,-9.97,11074.0,27182.781
868,603580.SH,20180205,26.17,26.55,26.0,26.07,26.42,-0.35,-1.32,6511.0,17096.47
869,603580.SH,20180202,26.84,27.11,26.0,26.42,26.84,-0.42,-1.56,7132.0,18963.74
870,603580.SH,20180201,28.63,28.8,26.0,26.84,28.7,-1.86,-6.48,11297.0,31139.942
871,603580.SH,20180131,29.58,29.59,28.47,28.7,29.58,-0.88,-2.98,11744.0,33938.852
872,603580.SH,20180130,29.68,29.68,29.35,29.58,29.68,-0.1,-0.34,6500.0,19181.323
873,603580.SH,20180129,30.2,30.39,29.5,29.68,30.29,-0.61,-2.01,11462.0,34111.799
874,603580.SH,20180126,30.5,30.75,30.1,30.29,30.67,-0.38,-1.24,7936.0,24154.816
875,603580.SH,20180125,31.15,31.57,30.61,30.67,31.28,-0.61,-1.95,9756.0,30393.789
876,603580.SH,20180124,31.5,31.62,31.0,31.28,32.02,-0.74,-2.31,15450.0,48396.092
877,603580.SH,20180123,30.65,32.16,30.41,32.02,30.71,1.31,4.27,29915.0,94586.199
878,603580.SH,20180122,30.35,30.84,29.63,30.71,30.48,0.23,0.75,7621.0,23030.335
879,603580.SH,20180119,30.75,31.38,30.4,30.48,30.94,-0.46,-1.49,10858.0,33534.844
880,603580.SH,20180118,30.64,31.08,30.4,30.94,30.64,0.3,0.98,12168.31,37484.436
881,603580.SH,20180117,29.8,30.67,29.44,30.64,29.85,0.79,2.65,9209.0,27759.159
882,603580.SH,20180116,29.22,29.96,29.15,29.85,29.22,0.63,2.16,7176.0,21296.994
883,603580.SH,20180115,30.09,30.39,29.0,29.22,30.23,-1.01,-3.34,6820.0,20184.778
884,603580.SH,20180112,30.67,30.67,30.21,30.23,30.62,-0.39,-1.27,5236.0,15895.129
885,603580.SH,20180111,29.79,30.71,29.79,30.62,30.04,0.58,1.93,6795.0,20658.549
886,603580.SH,20180110,30.74,30.79,29.6,30.04,30.74,-0.7,-2.28,6338.0,19119.029
887,603580.SH,20180109,30.59,30.83,30.4,30.74,30.7,0.04,0.13,6313.0,19374.521
888,603580.SH,20180108,30.61,30.8,30.1,30.7,30.65,0.05,0.16,6367.0,19417.765
889,603580.SH,20180105,30.64,31.14,30.38,30.65,30.62,0.03,0.1,9898.0,30429.182
890,603580.SH,20180104,30.49,30.77,30.41,30.62,30.58,0.04,0.13,4937.0,15087.541
891,603580.SH,20180103,30.57,30.69,30.21,30.58,30.59,-0.01,-0.03,5985.0,18238.826
892,603580.SH,20180102,30.36,30.95,30.3,30.59,30.46,0.13,0.43,5587.0,17078.973
893,603580.SH,20171229,30.36,30.55,29.95,30.46,30.19,0.27,0.89,6788.0,20549.135
894,603580.SH,20171228,29.9,30.7,29.82,30.19,30.22,-0.03,-0.1,8866.31,26818.101
895,603580.SH,20171227,29.78,30.68,29.71,30.22,29.84,0.38,1.27,11690.0,35310.337
896,603580.SH,20171226,28.62,29.96,28.62,29.84,28.81,1.03,3.58,9846.0,29063.851
897,603580.SH,20171225,29.41,29.5,28.51,28.81,29.49,-0.68,-2.31,7975.0,22997.249
898,603580.SH,20171222,29.58,29.83,29.44,29.49,29.56,-0.07,-0.24,4602.0,13634.337
899,603580.SH,20171221,29.7,29.89,28.81,29.56,29.65,-0.09,-0.3,5317.0,15664.026
900,603580.SH,20171220,30.17,30.18,29.5,29.65,30.24,-0.59,-1.95,6274.0,18741.35
901,603580.SH,20171219,29.76,30.45,29.6,30.24,29.62,0.62,2.09,8753.0,26288.864
902,603580.SH,20171218,29.62,29.86,29.4,29.62,29.6,0.02,0.07,4121.0,12190.207
903,603580.SH,20171215,29.8,29.99,29.35,29.6,29.87,-0.27,-0.9,6344.0,18806.7
904,603580.SH,20171214,29.6,30.0,29.31,29.87,29.7,0.17,0.57,6154.0,18276.565
905,603580.SH,20171213,29.2,29.82,29.02,29.7,29.13,0.57,1.96,6848.0,20216.554
906,603580.SH,20171212,30.0,30.0,29.06,29.13,29.94,-0.81,-2.71,5767.0,16984.715
907,603580.SH,20171211,29.84,30.1,29.81,29.94,29.85,0.09,0.3,5512.0,16503.849
908,603580.SH,20171208,29.31,30.08,29.26,29.85,29.31,0.54,1.84,9212.0,27442.316
909,603580.SH,20171207,29.13,29.49,29.0,29.31,29.38,-0.07,-0.24,6681.0,19554.362
910,603580.SH,20171206,28.67,29.46,28.37,29.38,28.68,0.7,2.44,12155.0,35025.182
911,603580.SH,20171205,29.88,30.28,28.3,28.68,30.11,-1.43,-4.75,19488.0,56849.558
912,603580.SH,20171204,32.36,32.36,30.0,30.11,32.38,-2.27,-7.01,11506.0,35556.605
913,603580.SH,20171201,32.24,32.6,32.15,32.38,32.24,0.14,0.43,6917.0,22384.193
914,603580.SH,20171130,32.05,32.63,31.99,32.24,32.35,-0.11,-0.34,8873.0,28631.233
915,603580.SH,20171129,33.3,33.3,31.88,32.35,32.97,-0.62,-1.88,10609.0,34447.673
916,603580.SH,20171128,32.9,33.04,32.41,32.97,32.75,0.22,0.67,8005.0,26286.354
917,603580.SH,20171127,32.8,33.5,32.36,32.75,33.08,-0.33,-1.0,9105.0,29678.266
918,603580.SH,20171124,33.08,33.65,32.5,33.08,33.66,-0.58,-1.72,10417.72,34317.252
919,603580.SH,20171123,34.65,34.8,33.2,33.66,34.79,-1.13,-3.25,9434.0,32079.483
920,603580.SH,20171122,34.5,34.85,33.8,34.79,34.78,0.01,0.03,12186.97,41898.102
921,603580.SH,20171121,35.21,35.48,33.0,34.78,35.39,-0.61,-1.72,14266.0,49108.046
922,603580.SH,20171120,35.01,35.77,34.0,35.39,35.37,0.02,0.06,9948.89,34705.232
923,603580.SH,20171117,37.0,37.45,33.85,35.37,37.5,-2.13,-5.68,22052.0,78447.715
924,603580.SH,20171116,39.04,39.04,37.01,37.5,39.63,-2.13,-5.37,24508.97,93323.962
925,603580.SH,20171115,39.26,40.5,39.01,39.63,39.64,-0.01,-0.03,27753.97,110593.088
926,603580.SH,20171114,39.1,39.8,38.6,39.64,39.17,0.47,1.2,30227.97,118702.84
927,603580.SH,20171113,39.06,39.64,38.61,39.17,39.15,0.02,0.05,16065.0,62772.518
928,603580.SH,20171110,38.81,39.56,38.5,39.15,39.11,0.04,0.1,18062.0,70542.959
929,603580.SH,20171109,39.26,39.85,38.38,39.11,38.97,0.14,0.36,18289.0,71259.606
930,603580.SH,20171108,39.99,39.99,38.73,38.97,39.43,-0.46,-1.17,23313.0,91292.401
931,603580.SH,20171107,38.46,41.0,38.46,39.43,38.0,1.43,3.76,29851.97,118499.544
932,603580.SH,20171106,37.5,38.22,37.35,38.0,37.54,0.46,1.23,9477.0,35872.326
933,603580.SH,20171103,37.64,38.12,36.9,37.54,37.64,-0.1,-0.27,13013.0,48662.671
934,603580.SH,20171102,38.31,38.69,37.3,37.64,38.29,-0.65,-1.7,17544.0,66156.683
935,603580.SH,20171101,38.12,38.67,37.76,38.29,37.98,0.31,0.82,13206.0,50421.322
936,603580.SH,20171031,37.85,38.54,37.59,37.98,38.31,-0.33,-0.86,13519.0,51364.814
937,603580.SH,20171030,39.72,39.8,36.61,38.31,40.22,-1.91,-4.75,21949.0,83935.753
938,603580.SH,20171027,39.93,41.55,39.5,40.22,40.4,-0.18,-0.45,30801.97,124648.588
939,603580.SH,20171026,39.73,40.8,38.73,40.4,39.96,0.44,1.1,36633.69,145128.915
940,603580.SH,20171025,37.72,40.65,37.45,39.96,37.72,2.24,5.94,40808.97,161951.903
941,603580.SH,20171024,37.84,38.27,36.7,37.72,37.86,-0.14,-0.37,14737.0,54868.355
942,603580.SH,20171023,37.2,38.82,37.01,37.86,37.17,0.69,1.86,18577.0,70851.364
943,603580.SH,20171020,36.5,37.37,36.2,37.17,36.61,0.56,1.53,10287.97,38047.883
944,603580.SH,20171019,36.69,36.7,35.7,36.61,36.79,-0.18,-0.49,11987.97,43414.432
945,603580.SH,20171018,37.08,37.33,36.2,36.79,37.22,-0.43,-1.16,8118.0,29919.31
946,603580.SH,20171017,36.52,37.7,36.13,37.22,36.79,0.43,1.17,12705.48,47213.224
947,603580.SH,20171016,37.86,37.86,36.6,36.79,37.87,-1.08,-2.85,13431.0,49667.512
948,603580.SH,20171013,36.45,38.68,36.45,37.87,36.65,1.22,3.33,23953.0,90551.037
949,603580.SH,20171012,36.15,36.97,36.11,36.65,36.73,-0.08,-0.22,10709.0,39000.25
950,603580.SH,20171011,37.39,38.0,36.39,36.73,37.39,-0.66,-1.77,14359.0,53046.633
951,603580.SH,20171010,36.93,37.5,36.73,37.39,37.03,0.36,0.97,12118.0,45079.364
952,603580.SH,20171009,36.72,37.26,36.33,37.03,36.63,0.4,1.09,10794.48,39761.729
953,603580.SH,20170929,36.63,36.9,36.0,36.63,36.51,0.12,0.33,10335.0,37626.689
954,603580.SH,20170928,36.78,37.19,36.18,36.51,37.06,-0.55,-1.48,9763.0,35769.849
955,603580.SH,20170927,36.52,37.94,36.51,37.06,37.44,-0.38,-1.02,11811.0,44218.046
956,603580.SH,20170926,37.0,37.51,34.91,37.44,37.48,-0.04,-0.11,24243.45,87778.216
957,603580.SH,20170925,36.9,38.3,36.62,37.48,36.92,0.56,1.52,14571.97,55053.446
958,603580.SH,20170922,36.84,37.09,36.1,36.92,36.94,-0.02,-0.05,7115.0,26134.527
959,603580.SH,20170921,37.0,37.26,36.52,36.94,37.12,-0.18,-0.48,6858.0,25324.091
960,603580.SH,20170920,36.91,37.34,36.61,37.12,36.91,0.21,0.57,8600.0,31809.253
961,603580.SH,20170919,37.0,37.39,36.68,36.91,36.89,0.02,0.05,5286.0,19520.103
962,603580.SH,20170918,37.08,37.35,36.64,36.89,37.49,-0.6,-1.6,6988.0,25823.031
963,603580.SH,20170915,37.58,37.86,36.32,37.49,37.72,-0.23,-0.61,20101.0,74369.079
964,603580.SH,20170914,37.46,37.95,37.02,37.72,37.68,0.04,0.11,10972.0,41137.878
965,603580.SH,20170913,37.14,37.95,36.96,37.68,37.59,0.09,0.24,11310.0,42223.367
966,603580.SH,20170912,38.07,38.25,36.91,37.59,37.96,-0.37,-0.97,13044.48,48942.564
967,603580.SH,20170911,37.75,38.4,37.6,37.96,37.75,0.21,0.56,10386.45,39418.217
968,603580.SH,20170908,37.9,37.99,36.9,37.75,37.99,-0.24,-0.63,13703.48,51357.938
969,603580.SH,20170907,37.67,38.64,37.34,37.99,38.08,-0.09,-0.24,13876.07,52660.943
970,603580.SH,20170906,38.2,38.3,36.82,38.08,38.7,-0.62,-1.6,20223.37,75871.285
971,603580.SH,20170905,38.5,38.98,37.77,38.7,38.8,-0.1,-0.26,16054.62,61704.763
972,603580.SH,20170904,38.51,40.5,37.55,38.8,39.44,-0.64,-1.62,30218.43,116890.86
973,603580.SH,20170901,37.4,39.87,36.5,39.44,37.65,1.79,4.75,45338.94,172788.226
974,603580.SH,20170831,34.51,38.09,34.51,37.65,34.97,2.68,7.66,41080.97,150244.158
975,603580.SH,20170830,35.09,35.42,34.38,34.97,35.42,-0.45,-1.27,19290.97,67302.469
976,603580.SH,20170829,35.2,36.67,35.08,35.42,35.14,0.28,0.8,39327.97,140571.43
977,603580.SH,20170828,33.63,36.51,33.63,35.14,33.41,1.73,5.18,29937.07,104284.02
978,603580.SH,20170825,32.27,33.56,32.02,33.41,32.45,0.96,2.96,13202.93,43574.867
979,603580.SH,20170824,32.65,33.6,32.23,32.45,33.15,-0.7,-2.11,16764.0,55168.976
980,603580.SH,20170823,32.15,33.99,31.75,33.15,32.13,1.02,3.17,27123.96,89902.705
981,603580.SH,20170822,31.93,32.51,31.9,32.13,32.12,0.01,0.03,8142.0,26237.977
982,603580.SH,20170821,31.43,32.3,31.27,32.12,31.28,0.84,2.69,12901.0,41029.284
983,603580.SH,20170818,31.14,31.43,31.07,31.28,31.49,-0.21,-0.67,5578.0,17409.372
984,603580.SH,20170817,31.58,31.66,31.21,31.49,31.6,-0.11,-0.35,6981.0,21962.683
985,603580.SH,20170816,30.9,31.85,30.66,31.6,30.84,0.76,2.46,9447.0,29642.172
986,603580.SH,20170815,30.49,31.27,30.43,30.84,30.36,0.48,1.58,7422.0,22942.606
987,603580.SH,20170814,30.01,30.56,30.0,30.36,30.0,0.36,1.2,5718.0,17318.691
988,603580.SH,20170811,30.2,30.24,29.81,30.0,30.35,-0.35,-1.15,8713.0,26180.717
989,603580.SH,20170810,31.3,31.45,30.12,30.35,31.35,-1.0,-3.19,9463.13,28978.214
990,603580.SH,20170809,31.59,31.67,31.03,31.35,31.62,-0.27,-0.85,5705.0,17927.212
991,603580.SH,20170808,32.1,32.1,31.39,31.62,32.03,-0.41,-1.28,5370.0,16983.955
992,603580.SH,20170807,32.32,32.5,31.9,32.03,31.81,0.22,0.69,4531.0,14556.622
993,603580.SH,20170804,32.37,32.48,31.7,31.81,32.36,-0.55,-1.7,5705.96,18280.317
994,603580.SH,20170803,31.94,33.0,31.94,32.36,32.09,0.27,0.84,5643.0,18354.145
995,603580.SH,20170802,33.03,33.31,32.01,32.09,33.31,-1.22,-3.66,8771.0,28863.995
996,603580.SH,20170801,33.2,33.41,32.85,33.31,33.04,0.27,0.82,6172.0,20432.734
997,603580.SH,20170731,33.11,33.36,32.92,33.04,33.11,-0.07,-0.21,4992.0,16526.724
998,603580.SH,20170728,33.98,34.14,33.05,33.11,34.06,-0.95,-2.79,7443.0,24970.855
999,603580.SH,20170727,32.9,34.36,32.78,34.06,33.2,0.86,2.59,11438.62,38626.263
1000,603580.SH,20170726,33.8,34.2,32.82,33.2,34.04,-0.84,-2.47,9443.0,31535.283
1001,603580.SH,20170725,33.19,34.8,33.08,34.04,33.19,0.85,2.56,21048.59,71316.776
1002,603580.SH,20170724,32.3,33.35,32.3,33.19,32.76,0.43,1.31,6621.09,21783.162
1003,603580.SH,20170721,32.6,33.6,32.21,32.76,32.63,0.13,0.4,7349.09,24192.301
1004,603580.SH,20170720,32.71,33.61,32.51,32.63,32.8,-0.17,-0.52,7609.09,25183.603
1005,603580.SH,20170719,33.0,33.0,32.2,32.8,33.13,-0.33,-1.0,7323.59,23935.41
1006,603580.SH,20170718,33.0,33.51,32.02,33.13,33.3,-0.17,-0.51,10959.18,36050.349
1007,603580.SH,20170717,36.26,36.7,33.3,33.3,37.0,-3.7,-10.0,27373.0,92804.134
1008,603580.SH,20170714,37.6,37.9,36.83,37.0,37.6,-0.6,-1.6,8045.0,30057.157
1009,603580.SH,20170713,38.49,38.49,37.51,37.6,38.5,-0.9,-2.34,10007.39,37917.632
1010,603580.SH,20170712,38.0,38.58,37.28,38.5,37.85,0.65,1.72,12064.0,45766.396
1011,603580.SH,20170711,38.2,38.75,37.5,37.85,38.25,-0.4,-1.05,13220.97,50193.985
1012,603580.SH,20170710,39.38,39.5,38.12,38.25,40.09,-1.84,-4.59,22643.61,87460.39
1013,603580.SH,20170707,39.0,40.94,38.9,40.09,39.24,0.85,2.17,36215.98,145702.204
1014,603580.SH,20170706,38.28,39.27,37.7,39.24,38.28,0.96,2.51,25172.87,97134.078
1015,603580.SH,20170705,37.56,38.58,37.5,38.28,37.57,0.71,1.89,20701.28,78891.613
1016,603580.SH,20170704,37.68,37.95,37.5,37.57,37.59,-0.02,-0.05,10200.35,38447.865
1017,603580.SH,20170703,37.4,37.79,37.0,37.59,37.64,-0.05,-0.13,13328.94,49757.722
1018,603580.SH,20170630,36.79,38.4,36.52,37.64,36.8,0.84,2.28,23341.87,87577.729
1019,603580.SH,20170629,36.93,37.18,36.7,36.8,36.77,0.03,0.08,13301.39,49086.819
1020,603580.SH,20170628,37.7,37.7,36.7,36.77,37.82,-1.05,-2.78,17745.96,65713.314
1021,603580.SH,20170627,38.02,38.49,37.52,37.82,38.0,-0.18,-0.47,17274.01,65700.894
1022,603580.SH,20170626,37.69,38.23,37.31,38.0,37.71,0.29,0.77,18021.85,68266.378
1023,603580.SH,20170623,38.06,39.0,36.8,37.71,38.65,-0.94,-2.43,30790.64,116586.553
1024,603580.SH,20170622,40.56,40.7,38.51,38.65,40.51,-1.86,-4.59,29763.43,118241.56
1025,603580.SH,20170621,40.09,40.63,39.31,40.51,40.0,0.51,1.28,32657.48,130618.392
1026,603580.SH,20170620,40.49,40.97,39.7,40.0,40.3,-0.3,-0.74,34833.0,140519.092
1027,603580.SH,20170619,41.2,42.0,39.84,40.3,41.38,-1.08,-2.61,55313.85,224831.352
1028,603580.SH,20170616,43.6,43.99,40.99,41.38,45.47,-4.09,-8.99,94330.03,398200.252
1029,603580.SH,20170615,44.4,46.25,42.71,45.47,44.33,1.14,2.57,130532.96,584128.209
1030,603580.SH,20170614,44.33,44.33,44.33,44.33,40.3,4.03,10.0,20083.93,89032.062
1031,603580.SH,20170613,40.3,40.3,40.3,40.3,36.64,3.66,9.99,2625.0,10578.75
1032,603580.SH,20170612,36.64,36.64,36.64,36.64,33.31,3.33,10.0,2719.0,9962.416
1033,603580.SH,20170609,33.31,33.31,33.31,33.31,30.28,3.03,10.01,2292.0,7634.652
1034,603580.SH,20170608,30.28,30.28,30.28,30.28,27.53,2.75,9.99,1223.0,3703.244
1035,603580.SH,20170607,27.53,27.53,27.53,27.53,25.03,2.5,9.99,454.0,1249.862
1036,603580.SH,20170606,25.03,25.03,25.03,25.03,22.75,2.28,10.02,296.0,740.888
1037,603580.SH,20170605,22.75,22.75,22.75,22.75,20.68,2.07,10.01,266.0,605.15
1038,603580.SH,20170602,20.68,20.68,20.68,20.68,18.8,1.88,10.0,498.36,1030.608
1039,603580.SH,20170601,18.8,18.8,18.8,18.8,17.09,1.71,10.01,32.25,60.63
1040,603580.SH,20170531,17.09,17.09,17.09,17.09,15.54,1.55,9.97,35.0,59.815
1041,603580.SH,20170526,15.54,15.54,15.54,15.54,14.13,1.41,9.98,17.0,26.418
1042,603580.SH,20170525,11.77,14.13,11.77,14.13,9.81,4.32,44.04,56.0,78.892
